masterlist/arrakhis_potentialhosts_d50.ecsv
# %ECSV 1.0
# ---
# datatype:
# - {name: HOSTID, datatype: string}
# - {name: PGC, datatype: int64}
# - {name: COMMON_NAME, datatype: string}
# - {name: NSAID, datatype: int32}
# - {name: NSA1ID, datatype: int32}
# - {name: RA, datatype: float64}
# - {name: DEC, datatype: float64}
# - {name: GLON, datatype: float64}
# - {name: GLAT, datatype: float64}
# - {name: V_HELIO, datatype: float64}
# - {name: V_VIRGO, datatype: float64}
# - {name: Z_COSMO, datatype: float64}
# - {name: Z_HELIO, datatype: float64}
# - {name: DIST, datatype: float64}
# - {name: DISTMOD, datatype: float64}
# - {name: K_RAW, datatype: float64}
# - {name: K_TC, datatype: float64}
# - {name: K_ABS, datatype: float64}
# - {name: M_HALO, datatype: float64}
# - {name: SGA_ID, datatype: int64}
# - {name: MORPHTYPE, datatype: string}
# - {name: BRIGHTEST_K_R1, datatype: float64}
# - {name: BRIGHTEST_K_R2, datatype: float64}
# - {name: BRIGHTEST_K_BG_R1, datatype: float64}
# - {name: BRIGHTEST_K_BG_R2, datatype: float64}
# - {name: BRIGHTEST_STAR_R1, datatype: float64}
# - {name: STAR_DENSITY_R1, datatype: float64}
# - {name: BRIGHTEST_STAR_R2, datatype: float64}
# - {name: STAR_DENSITY_R2, datatype: float64}
# - {name: COVERAGE_DECALS_DR5, datatype: float64}
# - {name: COVERAGE_DECALS_DR6, datatype: float64}
# - {name: COVERAGE_DECALS_DR7, datatype: float64}
# - {name: COVERAGE_DECALS_DR8, datatype: float64}
# - {name: COVERAGE_DECALS_DR9, datatype: float64}
# - {name: COVERAGE_DES_DR1, datatype: float64}
# - {name: COVERAGE_SDSS, datatype: float64}
# - {name: NEAREST_MW, datatype: string}
# - {name: NEAREST_MW_DIST, datatype: float64}
# - {name: NEAREST_MW_SEP, datatype: float64}
# - {name: NEARBY_MW_COUNT_1, datatype: int64}
# - {name: NEARBY_MW_COUNT_1.5, datatype: int64}
# - {name: NEARBY_MW_COUNT_2, datatype: int64}
# - {name: NEAREST_MASSIVE, datatype: string}
# - {name: NEAREST_MASSIVE_DIST, datatype: float64}
# - {name: NEAREST_MASSIVE_SEP, datatype: float64}
# - {name: NEARBY_MASSIVE_COUNT_1, datatype: int64}
# - {name: NEARBY_MASSIVE_COUNT_1.5, datatype: int64}
# - {name: NEARBY_MASSIVE_COUNT_2, datatype: int64}
# schema: astropy-2.0
HOSTID PGC COMMON_NAME NSAID NSA1ID RA DEC GLON GLAT V_HELIO V_VIRGO Z_COSMO Z_HELIO DIST DISTMOD K_RAW K_TC K_ABS M_HALO SGA_ID MORPHTYPE BRIGHTEST_K_R1 BRIGHTEST_K_R2 BRIGHTEST_K_BG_R1 BRIGHTEST_K_BG_R2 BRIGHTEST_STAR_R1 STAR_DENSITY_R1 BRIGHTEST_STAR_R2 STAR_DENSITY_R2 COVERAGE_DECALS_DR5 COVERAGE_DECALS_DR6 COVERAGE_DECALS_DR7 COVERAGE_DECALS_DR8 COVERAGE_DECALS_DR9 COVERAGE_DES_DR1 COVERAGE_SDSS NEAREST_MW NEAREST_MW_DIST NEAREST_MW_SEP NEARBY_MW_COUNT_1 NEARBY_MW_COUNT_1.5 NEARBY_MW_COUNT_2 NEAREST_MASSIVE NEAREST_MASSIVE_DIST NEAREST_MASSIVE_SEP NEARBY_MASSIVE_COUNT_1 NEARBY_MASSIVE_COUNT_1.5 NEARBY_MASSIVE_COUNT_2
[from data line 357]
pgc69094 69094 NGC7302 -1 -1 338.098755 -14.1206587 47.7391624 -55.1160318 2671.5 2635.6 0.00603941171675394 0.008911164803218633 25.98962421108662 32.074 9.018 9.030854083979497 -23.0431459160205 11.86714144595812 444168 E-S0 99.0 99.0 9.576175231896306 9.990612087320692 7.8675 0.0 6.3474 0.24251836751472258 0.0 0.0 0.0 0.9665071770334929 0.9665071770334929 0.0 0.0 pgc72009 7.263548701397941 16.21465554668253 0 0 0 nsa21709 7.028121139063485 12.751711182740962 0 0 0
pgc69132 69132 NGC7306 -1 -1 338.318541 -27.2466111 24.6329856 -59.3748942 3536.9 3439.3 0.011542833185424779 0.011797828483063441 49.888448746001266 33.49 9.988 10.013788469231224 -23.47621153076878 11.95414144595812 -1 "" 99.0 99.0 10.909972523787859 11.605849623813947 99.0 0.0 8.9827 0.0 0.0 0.0 0.0 0.0 0.0 0.0 0.0 pgc69398 2.3819252623449483 1.8481119457146953 0 0 0 pgc69398 2.3819252623449483 1.8481119457146953 0 0 0
nsa149977 69349 NGC7328 149977 690335 339.3720135 10.5315543 77.6184057 -40.271345 2824.8 2903.1 0.009016830786981636 0.0094225185611574 38.89371497064862 32.949397135922226 9.604 9.632971281846766 -23.31642585407546 11.91214144595812 836540 Sab 99.0 10.719832207986602 99.0 11.033612267190216 8.0867 0.0 7.7421 0.0 0.0 0.0 1.0 1.0 1.0 0.0 1.0 nsa150440 6.3046153697213745 7.735128359707361 0 0 0 nsa150440 6.3046153697213745 7.735128359707361 0 0 0
pgc69453 69453 NGC7329 -1 -1 340.1007945 -66.4790844 320.9725538 -45.7899242 3249.8 3009.1 0.010373163337566129 0.010840165965749547 44.79195312542837 33.256 8.864 8.887503391511927 -24.368496608488073 12.52514144595812 -1 "" 99.0 99.0 10.94464375900849 11.827 99.0 0.0 8.1887 0.0 0.0 0.0 0.0 0.0 0.0 0.0 0.0 pgc69664 1.2038422389779846 1.458169006034169 0 1 1 pgc69664 1.2038422389779846 1.458169006034169 0 1 2
pgc69521 69521 IC5240 -1 -1 340.468245 -44.767189 350.0349147 -58.7234977 1761.7 1586.9 0.005482591679245827 0.005876398665105845 23.5830515327765 31.863 8.523 8.529690453355919 -23.33330954664408 11.81114144595812 1236905 SBa 11.575000000000001 99.0 99.0 10.51042273881963 6.2298 0.5991546376665943 6.945 0.1996751133553685 0.0 0.0 0.0 1.0 1.0 1.0 0.0 pgc70094 1.6911216346594355 3.0787664036606466 0 0 1 pgc70094 1.6911216346594355 3.0787664036606466 0 0 1
pgc69620 69620 IC5244 -1 -1 341.0572935 -64.0434133 323.0232978 -47.8204441 3472.2 3236.3 0.010867821137835548 0.011582012513470236 46.946151938259035 33.358 9.137 9.153377378528544 -24.20462262147145 12.43714144595812 261531 Sb 99.0 99.0 99.0 99.0 6.9776 2.374413983940076 6.4999 0.7914282322572888 0.0 0.0 0.0 1.0 1.0 1.0 0.0 pgc69664 1.9845885915767136 1.0885723543864936 0 0 1 pgc69664 1.9845885915767136 1.0885723543864936 0 0 1
pgc69638 69638 NGC7359 -1 -1 341.1998985 -23.6880707 32.6773083 -61.2718566 3256.3 3168.0 0.010729749140099843 0.010861847631937427 46.34469197362877 33.33 9.493 9.518314551124709 -23.811685448875288 12.05614144595812 -1 "" 99.0 99.0 11.276297906509656 11.46320429348721 8.4938 0.0 8.7231 0.0 0.0 0.0 0.0 0.0 0.0 0.0 0.0 pgc69403 2.3183133210067783 2.4298069169163634 0 0 0 pgc69733 1.7325781735667616 1.5386169259831992 0 0 1
pgc69651 69651 NGC7365 -1 -1 341.291835 -19.9520665 40.0551313 -60.270131 3062.7 2991.3 0.010055866828715449 0.010216067543633803 43.411020970734576 33.188 9.823 9.842104577183246 -23.345895422816756 11.90714144595812 -1 "" 99.0 11.789000000000001 99.0 99.0 11.2352 0.0 5.4042 0.676716129350383 0.0 0.0 0.0 0.0 0.0 0.0 0.0 pgc69887 1.9969172123806307 1.6907335148098728 0 0 1 pgc69887 1.9969172123806307 1.6907335148098728 0 0 1
pgc69661 69661 NGC7368 -1 -1 341.381991 -39.3418337 359.812213 -61.1729562 2354.2 2198.4 0.007237417801645535 0.007852765929154895 31.17453613031267 32.469 9.125 9.133596326453095 -23.335403673546907 12.02814144595812 -1 "" 99.0 10.967354969881747 11.908000000000001 11.273234868966941 8.0375 0.0 5.5622 0.3489587227266484 0.0 0.0 0.0 0.3150684931506849 0.4589041095890411 0.2465753424657534 0.0 pgc67817 5.741630320287999 9.349244990747728 0 0 0 pgc70090 3.567526410061639 3.68361400644792 0 0 0
pgc69677 69677 NGC7371 -1 -1 341.5155135 -11.0011304 55.522004 -56.4236324 2685.4 2655.7 0.008978167667731676 0.008957530212451176 38.72576449216169 32.94 9.221 9.2402273907806 -23.699772609219398 11.91814144595812 1424758 S0-a 99.0 99.0 99.0 11.44633536579749 6.7428 1.6156737355978787 6.2648 0.5385148155921659 0.0 0.0 0.2736842105263158 1.0 1.0 0.0 0.0 nsa150307 4.124069172808737 5.999066002743654 0 0 0 nsa150307 4.124069172808737 5.999066002743654 0 0 0
nsa150216 69847 NGC7391 150216 636478 342.65042400000004 -1.5448058 69.2652841 -51.3647407 3045.4 3058.1 0.00964821171776323 0.010158360955164524 41.63783138643492 33.09744051084109 8.594 8.616585972819294 -24.480854538021795 12.56214144595812 408635 E 99.0 99.0 99.0 99.0 8.2215 0.0 7.6079 0.0 1.0 0.0 1.0 1.0 1.0 1.0 1.0 nsa150340 1.3395675905127449 1.7521611310339125 0 1 1 nsa150340 1.3395675905127449 1.7521611310339125 0 1 1
pgc69887 69887 NGC7392 -1 -1 342.953079 -20.6081581 39.8613642 -61.9582758 3158.6 3080.1 0.009699319504019093 0.01053595551092883 41.860074795510236 33.109 8.628 8.646125728567547 -24.462874271432455 12.523141445958121 -1 "" 11.120257791722594 10.578779064529208 99.0 11.057602172999022 9.2547 0.0 7.515 0.0 0.0 0.0 0.0 0.0 0.0 0.0 0.0 pgc69651 1.9969172123806307 1.6907335148098706 0 0 1 pgc69651 1.9969172123806307 1.6907335148098706 0 0 1
nsa150307 70025 NGC7416 150307 636568 343.923786 -5.4954016 65.8680695 -54.9820687 2857.7 2848.1 0.00911164584565239 0.009532261148477592 39.30562925744319 32.97227376719144 9.229 9.253608117283898 -23.718665649907543 12.00014144595812 767481 SBb 99.0 99.0 99.0 99.0 7.2913 0.0 5.8916 1.1095284203007096 0.6284153005464481 0.0 0.9617486338797814 1.0 1.0 0.0 1.0 nsa150216 3.7444854248637744 4.1499274514560955 0 0 0 nsa150216 3.7444854248637744 4.1499274514560955 0 0 0
pgc70094 70094 IC5267 -1 -1 344.30631600000004 -43.3960258 350.2372148 -61.8006359 1712.9 1535.8 0.0052152817632372195 0.005713619386649147 22.428488158692854 31.754 7.45 7.462358731928712 -24.291641268071288 12.33214144595812 706515 S0-a 10.049835824456293 8.591723783007762 11.476789225688929 10.952818772502406 8.5805 0.0 7.886 0.0 0.0 0.0 0.0 1.0 1.0 1.0 0.0 pgc69521 1.6911216346594355 3.0787664036606484 0 0 3 pgc69521 1.6911216346594355 3.0787664036606484 0 0 3
nsa150340 70098 NGC7428 150340 636598 344.33142000000004 -1.0490373 71.7560023 -52.1991185 3079.1 3089.7 0.009739543548351857 0.0102707720552463 42.035002427828516 33.11805538418431 9.571 9.591047584492324 -23.527007799691987 11.96314144595812 760412 Sa 99.0 99.0 11.034778544902629 99.0 99.0 0.0 6.4631 0.6344923365736971 1.0 0.0 1.0 1.0 1.0 1.0 1.0 nsa150216 1.3395675905127449 1.7521611310339127 0 1 1 nsa150216 1.3395675905127449 1.7521611310339127 0 1 1
pgc70113 70113 NGC7417 -1 -1 344.456292 -65.0385556 320.4078801 -48.0527658 3196.0 2953.8 0.009923496193027922 0.01066070848253294 42.83512119459378 33.159 9.327 9.344109585652653 -23.814890414347346 12.28614144595812 330791 SBab 11.112341527554609 99.0 11.339893444116852 11.579 8.1567 0.0 7.7541 0.0 0.0 0.0 0.0 0.7012987012987013 1.0 0.8181818181818182 0.0 pgc68993 2.2236185479244823 2.9746213848075773 0 0 0 pgc69714 1.0101395804851019 1.1026841445402582 0 1 1
nsa150440 70213 NGC7448 150440 636698 345.0153135 15.9801923 87.5659581 -39.1240268 2191.7 2280.4 0.009743749059061443 0.0073107242744578985 42.0532921218042 33.119 8.994 9.011316251499574 -24.107683748500428 11.91214144595812 644909 Sc 99.0 8.84428754831309 11.765 10.685078269706779 8.2157 0.0 6.7277 0.6350446467976784 0.9748427672955975 0.0 1.0 1.0 1.0 0.0 1.0 nsa149977 6.3046153697213745 7.735128359707367 0 0 0 nsa149977 6.3046153697213745 7.735128359707367 0 0 0
nsa150478 70265 UGC12304 150478 636733 345.28443599999997 5.6543197 79.6943397 -47.7420649 3460.2 3500.3 0.01116959553341602 0.011541984822046457 48.26116988791977 33.41798922666511 10.295 10.310749500365558 -23.107239726299547 11.87614144595812 1217580 Sc 99.0 99.0 99.0 99.0 99.0 0.0 7.3188 0.0 0.847457627118644 0.0 1.0 1.0 1.0 0.0 1.0 nsa150844 3.022453650491925 3.0752938120319775 0 0 0 nsa150844 3.022453650491925 3.0752938120319775 0 0 0
nsa150493 70287 NGC7460 150493 636748 345.4287915 2.2635833 76.6100887 -50.4706925 3198.4 3221.9 0.010144307967018928 0.010668714020817696 43.79586444795393 33.207165514594806 9.949 9.973539599491053 -23.23362591510375 11.90314144595812 895401 SBb 99.0 99.0 99.0 9.353275756489321 99.0 0.0 8.3113 0.0 0.9863013698630136 0.0 1.0 1.0 1.0 0.9246575342465754 1.0 nsa150340 3.1507713466910623 3.489585738624082 0 0 0 nsa150340 3.1507713466910623 3.489585738624082 0 0 0
nsa150578 70419 NGC7479 150578 606424 346.236102 12.3228077 86.2707548 -42.8418603 2380.5 2449.4 0.007535394240329022 0.00794049328619201 32.46567598923478 32.55712225017264 8.162 8.176459467750743 -24.380662782421897 12.49614144595812 1267982 SBbc 99.0 99.0 99.0 10.558288123320201 8.1423 0.0 7.6539 0.0 0.9188191881918819 0.0 0.8523985239852399 1.0 1.0 0.0 1.0 nsa150476 5.505123809704803 4.170298936748522 0 0 0 nsa150476 5.505123809704803 4.170298936748522 0 0 0
pgc70505 70505 NGC7484 -1 -1 346.7705535 -36.2754424 3.9434398 -66.0894565 2738.1 2583.2 0.008711220414703862 0.009133318490620601 37.56643646144592 32.874 8.852 8.869731510089725 -24.004268489910277 12.21114144595812 -1 "" 99.0 9.8947070887877 99.0 99.0 8.3194 0.0 7.4182 0.0 0.0 0.0 0.0 0.0 0.0 0.0 0.0 pgc69661 7.1178364706135335 5.245017464278726 0 0 0 pgc69994 3.562630706690116 4.136997208531549 0 0 0
nsa150844 70712 NGC7518 150844 637086 348.302958 6.3215833 83.9386415 -48.9694862 3537.6 3572.7 0.011511325860108088 0.011800163431729828 49.75104358545107 33.48401097502172 10.028 10.054716258714661 -23.429294716307055 12.98614144595812 1309467 SABa 99.0 10.578834186517353 10.321187346002569 11.26632775501166 10.8783 0.0 7.9192 0.0 1.0 0.0 1.0 1.0 1.0 0.0 1.0 nsa150478 3.022453650491925 3.0752938120319775 0 0 0 nsa150936 1.225675546943396 0.7739716983514945 0 1 1
nsa150887 70795 NGC7541 150887 637128 348.68276249999997 4.533989 82.843688 -50.65454 2680.0 2705.6 0.008831568493338647 0.008939517751310475 38.08903764981357 32.904 8.327 8.336456678240234 -24.56754332175977 12.49614144595812 187423 SBc 10.20151896152711 99.0 10.835690440751918 10.754236576756846 99.0 0.0 7.0129 0.0 0.0 0.0 1.0 1.0 1.0 0.0 1.0 nsa152034 3.9191946965423035 5.870173856133919 0 0 0 nsa152034 3.9191946965423035 5.870173856133919 0 0 0
pgc70800 70800 NGC7531 -1 -1 348.7019235 -43.5998396 346.4177427 -64.4908314 1596.9 1410.6 0.005648445160661848 0.005326685036219291 24.299648977032305 31.928 8.449 8.461507371333736 -23.466492628666266 12.46514144595812 1211472 SABb 99.0 7.316755556397166 11.19613143948279 10.686890576530525 7.3435 0.0 5.9361 0.4239950095187948 0.0 0.0 0.0 1.0 1.0 1.0 0.0 pgc71031 0.707278440529774 1.5544480059643218 1 2 2 pgc71031 0.707278440529774 1.5544480059643218 1 2 2
nsa151094 71029 NGC7600 151094 637328 349.7245695 -7.5805241 70.3759802 -60.6238036 3440.8 3405.8 0.011528901177480826 0.011477273387578016 49.82768967402945 33.48735375503237 8.896 8.925519308081197 -24.561834446951174 12.49614144595812 713596 E-S0 99.0 99.0 99.0 99.0 8.3226 0.0 4.9429 1.783143753180757 0.0 0.0 1.0 1.0 1.0 0.0 1.0 nsa151004 3.225421090333861 2.8776045019271006 0 0 0 nsa151039 2.804841188830615 2.9381315570160056 0 0 0
pgc71440 71440 NGC7637 -1 -1 351.6153615 -81.9118294 306.483697 -34.6217322 3715.0 3442.9 0.011542833185424779 0.01239190613661135 49.888448746001266 33.49 9.605 9.633913197348416 -23.856086802651586 12.29214144595812 -1 "" 99.0 10.421466149006333 99.0 11.893 9.4117 0.0 9.9451 0.0 0.0 0.0 0.0 0.0 0.0 0.0 0.0 pgc7583 5.167516321729164 5.030996493397771 0 0 0 pgc7583 5.167516321729164 5.030996493397771 0 0 0
nsa151537 71450 NGC7664 151537 637745 351.665445 25.0798749 99.6864237 -33.9364096 3473.8 3586.4 0.011375404678779255 0.011587349538993407 49.15836078490401 33.45798696322626 9.664 9.686315864038821 -23.77167109918744 12.039141445958121 89247 Sc 99.0 99.0 99.0 10.777371070810043 5.972 2.60346501912632 7.3636 0.0 0.0 0.0 1.0 1.0 1.0 0.0 1.0 nsa151618 1.8985393501926344 1.582810282492129 0 0 1 nsa151618 1.8985393501926344 1.582810282492129 0 0 1
nsa169266 71534 NGC7678 169266 691708 352.1161065 22.4212641 98.8817626 -36.5453597 3497.8 3597.6 0.010392134119299424 0.011667404921840964 44.87453899331318 33.26 9.116 9.125646334172357 -24.13435366582764 12.37314144595812 601033 Sc 99.0 99.0 99.0 11.463733167343287 10.7262 0.0 6.6205 0.723117290666332 0.0 0.0 0.5323741007194245 1.0 1.0 0.0 1.0 nsa151537 4.81811068473948 2.6904115195780154 0 0 0 nsa151537 4.81811068473948 2.6904115195780154 0 0 0
pgc71829 71829 NGC7702 -1 -1 353.87041800000003 -56.0122518 323.0373452 -58.0515087 3221.5 2988.6 0.010055866828715449 0.010745767326808469 43.411020970734576 33.188 8.995 9.018600932990683 -24.16939906700932 12.40314144595812 1403938 S0-a 99.0 99.0 99.0 11.802000000000001 8.3809 0.0 7.4065 0.0 0.0 0.0 0.0 1.0 1.0 1.0 0.0 pgc71603 3.154500596308087 3.5258633080560546 0 0 0 pgc71603 3.154500596308087 3.5258633080560546 0 0 0
nsa61945 71883 NGC7716 61945 303634 354.13104450000003 0.2972754 86.5915493 -57.1915683 2558.4 2549.2 0.00803924630907682 0.008533903811549523 34.65025022822935 32.69853187617446 9.3 9.31580511275869 -23.382726763415768 11.97914144595812 982366 Sb 99.0 99.0 99.0 10.991428986496995 10.3374 0.0 8.9096 0.0 1.0 0.0 1.0 1.0 1.0 1.0 1.0 nsa152034 3.8547500195302735 1.8591504264979508 0 0 0 nsa152034 3.8547500195302735 1.8591504264979508 0 0 0
pgc71941 71941 NGC7717 -1 -1 354.432117 -15.1185745 64.2269547 -69.0764761 3468.0 3385.5 0.011406668237165575 0.011568002821471914 49.29467413122056 33.464 9.777 9.797240170247274 -23.666759829752724 11.97314144595812 -1 "" 99.0 99.0 99.0 11.4989988649723 6.5488 2.6179237388984107 7.457 0.0 0.0 0.0 0.017241379310344827 0.33620689655172414 0.33620689655172414 0.0 0.0 nsa151094 7.654827586676363 8.83685651896518 0 0 0 nsa151094 7.654827586676363 8.83685651896518 0 0 0
nsa169439 72001 NGC7721 169439 692131 354.7021935 -6.5179905 79.7098484 -63.1212992 2014.7 1971.6 0.007388087069791676 0.00672031582595717 31.82731482170786 32.514 8.67 8.689305909903023 -23.82469409009698 11.88414144595812 532028 Sc 99.0 99.0 99.0 11.26342397386486 99.0 0.0 7.805 0.0 0.24372759856630824 0.0 1.0 1.0 1.0 0.0 1.0 nsa61945 4.864475343954304 6.839057909164991 0 0 0 nsa21709 3.7099725556250336 5.2706656287568965 0 0 0
pgc72009 72009 NGC7723 -1 -1 354.7378755 -12.9610833 69.2384161 -67.9056472 1862.0 1788.6 0.005870197934793957 0.006210963452589592 25.258060548319605 32.012 8.266 8.274865753840908 -23.737134246159094 12.69814144595812 182565 SBb 99.0 7.688059250792665 11.893 11.685 5.8226 0.6872930141739592 5.0456 0.22905457278771454 0.0 0.0 0.2623318385650224 1.0 1.0 0.0 0.0 pgc72060 0.7207127243025666 0.7069989150358953 1 1 1 pgc72060 0.7207127243025666 0.7069989150358953 1 1 1
pgc72060 72060 NGC7727 -1 -1 354.97428749999995 -12.2927807 70.940544 -67.6143473 1857.3 1786.4 0.0060200663753977295 0.006195285940115278 25.90597845475868 32.067 7.676 7.688059250792665 -24.378940749207334 12.69814144595812 406835 SABa 10.105698655536655 8.274865753840908 11.685 11.243915604215925 9.806 0.0 5.8226 0.48191895426251113 0.0 0.0 0.25295508274231676 1.0 1.0 0.0 0.0 pgc72009 0.7207127243025666 0.7069989150358943 1 1 1 pgc72009 0.7207127243025666 0.7069989150358943 1 1 1
nsa169525 72260 NGC7742 169525 692324 356.065458 10.7670833 97.4326963 -48.7503514 1659.9 1695.7 0.004984183972150437 0.0055368304161941264 21.430723398563483 31.65518415495293 8.612 8.62170290669164 -23.03348124826129 12.04014144595812 163620 Sb 99.0 8.404249973311995 11.253599832086469 10.200401972721934 5.1767 0.9895497660198183 6.0514 0.16488186082166292 0.1260096930533118 0.0 0.9789983844911146 1.0 1.0 0.0 1.0 nsa126092 7.307686817196585 7.086911185064866 0 0 0 nsa126092 7.307686817196585 7.086911185064866 0 0 0
