masterlist/arrakhis_potentialhosts_d50.ecsv
# %ECSV 1.0
# ---
# datatype:
# - {name: HOSTID, datatype: string}
# - {name: PGC, datatype: int64}
# - {name: COMMON_NAME, datatype: string}
# - {name: NSAID, datatype: int32}
# - {name: NSA1ID, datatype: int32}
# - {name: RA, datatype: float64}
# - {name: DEC, datatype: float64}
# - {name: GLON, datatype: float64}
# - {name: GLAT, datatype: float64}
# - {name: V_HELIO, datatype: float64}
# - {name: V_VIRGO, datatype: float64}
# - {name: Z_COSMO, datatype: float64}
# - {name: Z_HELIO, datatype: float64}
# - {name: DIST, datatype: float64}
# - {name: DISTMOD, datatype: float64}
# - {name: K_RAW, datatype: float64}
# - {name: K_TC, datatype: float64}
# - {name: K_ABS, datatype: float64}
# - {name: M_HALO, datatype: float64}
# - {name: SGA_ID, datatype: int64}
# - {name: MORPHTYPE, datatype: string}
# - {name: BRIGHTEST_K_R1, datatype: float64}
# - {name: BRIGHTEST_K_R2, datatype: float64}
# - {name: BRIGHTEST_K_BG_R1, datatype: float64}
# - {name: BRIGHTEST_K_BG_R2, datatype: float64}
# - {name: BRIGHTEST_STAR_R1, datatype: float64}
# - {name: STAR_DENSITY_R1, datatype: float64}
# - {name: BRIGHTEST_STAR_R2, datatype: float64}
# - {name: STAR_DENSITY_R2, datatype: float64}
# - {name: COVERAGE_DECALS_DR5, datatype: float64}
# - {name: COVERAGE_DECALS_DR6, datatype: float64}
# - {name: COVERAGE_DECALS_DR7, datatype: float64}
# - {name: COVERAGE_DECALS_DR8, datatype: float64}
# - {name: COVERAGE_DECALS_DR9, datatype: float64}
# - {name: COVERAGE_DES_DR1, datatype: float64}
# - {name: COVERAGE_SDSS, datatype: float64}
# - {name: NEAREST_MW, datatype: string}
# - {name: NEAREST_MW_DIST, datatype: float64}
# - {name: NEAREST_MW_SEP, datatype: float64}
# - {name: NEARBY_MW_COUNT_1, datatype: int64}
# - {name: NEARBY_MW_COUNT_1.5, datatype: int64}
# - {name: NEARBY_MW_COUNT_2, datatype: int64}
# - {name: NEAREST_MASSIVE, datatype: string}
# - {name: NEAREST_MASSIVE_DIST, datatype: float64}
# - {name: NEAREST_MASSIVE_SEP, datatype: float64}
# - {name: NEARBY_MASSIVE_COUNT_1, datatype: int64}
# - {name: NEARBY_MASSIVE_COUNT_1.5, datatype: int64}
# - {name: NEARBY_MASSIVE_COUNT_2, datatype: int64}
# schema: astropy-2.0
HOSTID PGC COMMON_NAME NSAID NSA1ID RA DEC GLON GLAT V_HELIO V_VIRGO Z_COSMO Z_HELIO DIST DISTMOD K_RAW K_TC K_ABS M_HALO SGA_ID MORPHTYPE BRIGHTEST_K_R1 BRIGHTEST_K_R2 BRIGHTEST_K_BG_R1 BRIGHTEST_K_BG_R2 BRIGHTEST_STAR_R1 STAR_DENSITY_R1 BRIGHTEST_STAR_R2 STAR_DENSITY_R2 COVERAGE_DECALS_DR5 COVERAGE_DECALS_DR6 COVERAGE_DECALS_DR7 COVERAGE_DECALS_DR8 COVERAGE_DECALS_DR9 COVERAGE_DES_DR1 COVERAGE_SDSS NEAREST_MW NEAREST_MW_DIST NEAREST_MW_SEP NEARBY_MW_COUNT_1 NEARBY_MW_COUNT_1.5 NEARBY_MW_COUNT_2 NEAREST_MASSIVE NEAREST_MASSIVE_DIST NEAREST_MASSIVE_SEP NEARBY_MASSIVE_COUNT_1 NEARBY_MASSIVE_COUNT_1.5 NEARBY_MASSIVE_COUNT_2
[from data line 143]
pgc35097 35097 NGC3673 -1 -1 171.303486 -26.7366606 280.0941355 32.2829079 1939.3 1818.6 0.004708170342923788 0.006468808498177763 20.239510279887682 31.531 8.485 8.495357987312552 -23.035642012687447 11.89714144595812 -1 "" 99.0 11.316185147708095 99.0 11.65193499416147 7.8175 0.0 6.2133 0.5882230135309939 0.0 0.0 0.0 0.0 0.0 0.0 0.0 pgc35539 2.1801963668928894 3.8311339377367104 0 0 0 pgc34160 1.015843852180442 2.6631820447764794 0 1 1
nsa101649 35285 NGC3687 101649 475081 172.00245 29.5110084 200.6283695 71.510629 2502.8 2642.1 0.008523307156590639 0.008348442174619351 36.7506354824935 32.826324265965575 9.676 9.68806842775342 -23.138255838212153 11.90714144595812 833990 Sbc 99.0 99.0 99.0 11.252444269514482 9.2667 0.0 6.9595 0.9699571810637273 1.0 0.0 1.0 1.0 1.0 0.0 1.0 nsa139467 3.980143123166408 3.850121987125992 0 0 0 nsa139467 3.980143123166408 3.850121987125992 0 0 0
nsa139467 35294 NGC3689 139467 626593 172.0460145 25.6610799 212.7142781 71.3199467 2737.7 2860.9 0.009223241560172587 0.009131984234239809 39.790523365296146 32.998898257325976 9.182 9.200914878379624 -23.797983378946352 12.244141445958121 215091 SABc 99.0 99.0 11.55781731201337 11.760461436566162 9.0892 0.0 7.7663 0.0 1.0 0.0 1.0 1.0 1.0 0.0 1.0 nsa101649 3.980143123166408 3.8501219871259913 0 0 0 nsa101649 3.980143123166408 3.8501219871259913 0 0 0
pgc35540 35540 NGC3715 -1 -1 172.884639 -14.2313161 275.3620662 44.3213293 2120.8 2060.3 0.008033612661774842 0.00707422733096241 34.62581465437923 32.697 9.492 9.506236461553138 -23.190763538446866 11.54514144595812 -1 "" 99.0 99.0 11.357000000000001 10.606210076028956 12.6692 0.0 8.2024 0.0 0.0 0.0 0.0 0.0 0.0 0.0 0.0 pgc38049 6.186341597215977 7.858865575477499 0 0 0 pgc37366 3.3899236929229675 5.61384023672182 0 0 0
nsa66222 35731 NGC3731 66222 322977 173.54860349999998 12.5122945 248.0793129 66.7448692 3195.4 3263.6 0.011192631999738228 0.010658707097961751 48.36157932387998 33.422502374968346 10.267 10.297735591535169 -23.124766783433177 11.93314144595812 993682 E 99.0 99.0 99.0 99.0 99.0 0.0 8.0841 0.0 0.8347107438016529 0.0 1.0 1.0 1.0 0.0 1.0 nsa160386 3.2935399761308037 3.8986509815667825 0 0 0 nsa140224 2.67306023477424 3.0952624110252134 0 0 0
pgc35869 35869 NGC3735 -1 -1 173.98879200000002 70.5356348 131.7423197 45.2794634 2695.8 2957.8 0.00914389130304836 0.008992220878351784 39.44573020752779 32.98 8.447 8.463515664908472 -24.516484335091526 12.41714144595812 850116 Sc 99.0 99.0 11.21373049763158 11.868 8.8981 0.0 9.8742 0.0 0.0 0.0 0.0 1.0 1.0 0.0 0.6043956043956044 nsa161063 3.00353332259803 4.362321489215136 0 0 0 nsa161063 3.00353332259803 4.362321489215136 0 0 0
nsa139920 35979 NGC3762 139920 627027 174.349152 61.7593872 137.4657547 53.2297713 3402.0 3648.9 0.011548040144661303 0.011347850518641133 49.911157224329266 33.490988196987814 9.353 9.380460688394875 -24.110527508592938 12.40814144595812 514081 SBa 99.0 10.110629961540695 99.0 10.674972282099287 9.304 0.0 7.3853 0.0 0.0 1.0 0.0 1.0 1.0 0.0 1.0 nsa140061 1.7294019515093817 1.9320418789999978 0 0 3 nsa140061 1.7294019515093817 1.9320418789999978 0 0 3
nsa160252 36025 NGC3770 160252 662150 174.4947585 59.6169633 139.1212394 55.1421699 3329.9 3572.3 0.011161005516360753 0.011107350806003266 48.223729353003456 33.41630396620904 9.908 9.929475353166177 -23.486828613042867 12.18214144595812 741248 SBa 99.0 9.502747926379135 99.0 11.554 11.5538 0.0 7.9836 0.0 0.0 1.0 0.0 1.0 1.0 0.0 1.0 nsa140061 1.3283869208035999 0.49380071390788577 0 1 3 nsa140061 1.3283869208035999 0.49380071390788577 0 1 4
nsa160302 36138 NGC3780 160302 662355 174.843168 56.2707208 141.9095636 58.122779 2391.1 2626.1 0.008689105890367851 0.007975851080283014 37.47041671013628 32.86844261464252 9.032 9.051265150762761 -23.81717746387976 12.20314144595812 336324 Sc 11.01489761843645 99.0 99.0 10.918406211819654 7.3046 0.0 7.6015 0.0 0.0 1.0 0.0 1.0 1.0 0.0 1.0 nsa140259 0.7739797455403559 1.1823559969557522 1 2 2 nsa140259 0.7739797455403559 1.1823559969557522 1 2 2
nsa140061 36263 NGC3809 140061 627158 175.31701950000001 59.8857923 138.2601005 55.1050486 3443.0 3687.1 0.011450004307888178 0.011484611797672377 49.483636186068196 33.47230802607909 9.478 9.502747926379135 -23.969560099699954 12.32514144595812 951643 S0 99.0 9.564312171173095 99.0 11.554 7.9836 0.0 7.838 0.0 0.0 1.0 0.0 1.0 1.0 0.0 1.0 nsa160252 1.3283869208035999 0.4938007139078834 0 1 2 nsa160252 1.3283869208035999 0.4938007139078834 0 1 2
nsa140063 36265 NGC3811 140063 627160 175.319337 47.6908329 151.9635815 65.2901206 3152.0 3364.1 0.01054054718266486 0.010513940280645753 45.52071242410569 33.29104525193471 9.691 9.709676549024872 -23.58136870290984 12.10614144595812 519430 SBc 99.0 9.20057707302859 99.0 11.018459142170325 12.2281 0.0 8.1838 0.0 0.0 1.0 0.0 1.0 1.0 0.0 1.0 nsa60572 4.533116380613478 3.7176301667081875 0 0 0 nsa60572 4.533116380613478 3.7176301667081875 0 0 0
nsa140065 36266 NGC3813 140065 627162 175.32772799999998 36.5467683 176.1899084 72.4223211 1465.6 1640.0 0.005709992893400996 0.004888715379224117 24.56562369862011 31.951638974743883 8.857 8.868256626532517 -23.083382348211366 11.87914144595812 1095204 Sb 99.0 10.604370941577363 10.949522726191258 10.7046240114287 8.3352 0.0 6.7824 0.21666497757573663 0.0 1.0 0.0 1.0 1.0 0.0 1.0 nsa138642 5.189755555233128 11.754630691855738 0 0 0 nsa138642 5.189755555233128 11.754630691855738 0 0 0
pgc36304 36304 NGC3818 -1 -1 175.48900799999998 -6.1556027 273.5935894 52.7126905 1695.0 1679.6 0.006999471010031043 0.005653911413608678 30.143938842794686 32.396 8.854 8.87091465744 -23.52508534256 12.25814144595812 225005 E 10.65 11.9 11.698633707725245 11.448908895968193 9.3865 0.0 6.2154 0.326264179695461 1.0 0.0 1.0 1.0 1.0 0.0 0.0 nsa159789 3.6996639041106048 5.54793053826882 0 0 0 nsa159789 3.6996639041106048 5.54793053826882 0 0 0
nsa160477 36535 NGC3853 160477 663057 176.11803 16.5581027 243.7810207 71.2397563 3310.2 3403.6 0.011538663050055539 0.01104163867924923 49.87026217363863 33.48920825679918 9.486 9.516882182896971 -23.97232607390221 12.37514144595812 1126063 E 11.443251914714192 99.0 10.75320055047054 11.218110725435931 8.137 0.0 8.6382 0.0 0.9385964912280702 0.0 1.0 1.0 1.0 0.0 1.0 nsa140032 1.3601891875474903 1.5629091698501196 0 2 3 nsa140032 1.3601891875474903 1.5629091698501196 0 2 3
nsa140215 36655 UGC06732 140215 627284 176.3881185 58.9781127 138.1451398 56.1616108 3089.1 3332.7 0.010203248197431148 0.010304128464766115 44.052366818661724 33.21984623441807 10.152 10.17338380306764 -23.04646243135043 11.78514144595812 1150713 E-S0 99.0 8.56664482060123 99.0 11.554 8.2517 0.0 8.0927 0.0 0.0 1.0 0.0 1.0 1.0 0.0 1.0 nsa160743 2.5198596251901337 1.3153835468372275 0 0 0 nsa159897 1.7487756571245812 2.2471063556854367 0 0 1
nsa160524 36669 NGC3869 160524 663227 176.4398325 10.8245939 256.3222788 67.5385627 3003.4 3071.3 0.01003656963700215 0.0100182640351813 43.32705804839762 33.183796004977594 9.185 9.210430145193993 -23.973365859783602 12.41514144595812 476503 Sa 99.0 99.0 10.579089367213353 10.682550185538423 99.0 0.0 8.1814 0.0 1.0 0.0 1.0 1.0 1.0 0.0 1.0 nsa66222 5.681494826221127 3.296192962797105 0 0 0 nsa140224 4.974750655793384 2.942162292705107 0 0 0
pgc36827 36827 NGC3892 -1 -1 177.00420000000003 -10.962037 278.8408548 48.9204424 1749.4 1715.2 0.005886365063413448 0.005835370281396472 25.327947656899944 32.018 8.344 8.357032105776486 -23.660967894223514 11.96414144595812 -1 "" 99.0 11.086676487454673 11.559576888958732 9.902993544328805 6.3648 0.6911018288041241 7.4621 0.0 0.0 0.0 0.0 0.0 0.0 0.0 0.0 nsa139199 3.116489503155923 6.814645902411975 0 0 0 nsa139199 3.116489503155923 6.814645902411975 0 0 0
pgc37008 37008 IC0741 -1 -1 177.6324165 -4.8358611 275.9230022 54.8100445 3355.0 3351.7 0.011272095706788237 0.011191075393898001 48.70796664925374 33.438 10.406 10.424890185697551 -23.013109814302453 11.92714144595812 499272 S0-a 99.0 11.061710863019327 99.0 10.610787554886711 99.0 0.0 5.7926 0.8519490803379864 1.0 0.0 1.0 1.0 1.0 0.0 0.0 pgc40894 9.500354858434177 9.838943258171176 0 0 0 pgc40894 9.500354858434177 9.838943258171176 0 0 0
nsa87589 37183 NGC3935 87589 422139 178.100343 32.4038401 186.9874362 76.1609783 3069.7 3234.5 0.010096683297826262 0.010239417030297673 43.58862350636098 33.19686577282061 10.086 10.103105431474521 -23.093760341346087 11.94814144595812 1090687 Sab 99.0 11.855 11.503591041467145 11.50897289304755 8.7819 0.0 11.089 0.0 0.0 1.0 1.0 1.0 1.0 0.0 1.0 nsa87608 0.8445277897935916 1.1083098862355407 1 1 1 nsa87608 0.8445277897935916 1.1083098862355407 1 1 1
nsa140458 37483 NGC3976 140458 627488 178.988949 6.7495342 267.5341067 65.7328539 2496.7 2552.3 0.008316565205758797 0.008328094764812262 35.853368576434725 32.77264982867041 8.752 8.771006381385828 -24.001643447284582 12.14414144595812 415356 Sb 99.0 99.0 99.0 10.632250695076136 9.6016 0.0 7.4891 0.0 1.0 0.0 1.0 1.0 1.0 0.0 1.0 nsa67221 3.534478539989435 4.252770219789513 0 0 0 nsa67221 3.534478539989435 4.252770219789513 0 0 0
nsa140594 37845 NGC4030 140594 627617 180.0983565 -1.100072 277.3698823 59.2146303 1461.8 1482.9 0.005375696947978951 0.0048760399436065865 23.12129418971631 31.82006069799023 7.321 7.331850991587445 -24.488209706402785 12.337141445958121 1065602 Sbc 11.01 99.0 99.0 9.473110593584442 6.488 0.5759201309373895 7.304 0.0 0.9624060150375939 0.0 0.9624060150375939 0.9624060150375939 0.9624060150375939 0.0 1.0 nsa140930 3.140569940458401 3.934978299432142 0 0 0 nsa140930 3.140569940458401 3.934978299432142 0 0 0
nsa13927 38031 NGC4045 13927 67580 180.676083 1.9768187 275.9768142 62.2705307 1967.7 2005.1 0.006825029815540579 0.006563540701214039 29.38864161323542 32.34089756399527 8.743 8.754261622410128 -23.586635941585143 11.898141445958121 577727 Sa 99.0 11.945 8.525246508908046 10.418224477444571 8.9473 0.0 6.9593 0.3101163670496116 1.0 0.0 1.0 1.0 1.0 0.0 1.0 nsa141011 3.1455334265882096 5.514353626884959 0 0 0 nsa141011 3.1455334265882096 5.514353626884959 0 0 0
nsa60572 38042 NGC4047 60572 297756 180.7111065 48.6362161 143.3604139 66.5195858 3428.3 3652.6 0.01130823258306972 0.011435577875678248 48.865503692341576 33.445011898594814 9.162 9.183845495823372 -24.261166402771444 12.54314144595812 1340627 Sb 99.0 99.0 99.0 11.156676479671187 10.1929 0.0 8.7979 0.0 0.0 1.0 0.0 1.0 1.0 0.0 1.0 nsa140063 4.533116380613478 3.717630166708188 0 0 0 nsa140063 4.533116380613478 3.717630166708188 0 0 0
pgc38049 38049 NGC4050 -1 -1 180.7247955 -16.3736056 286.3796479 44.9324859 1761.5 1711.1 0.008876108651836667 0.005875731536915449 38.282474331682245 32.915 8.836 8.855809907312054 -24.059190092687945 11.85814144595812 -1 "" 99.0 11.615 99.0 11.533000000000001 8.3338 0.0 8.3641 0.0 0.0 0.0 0.0 0.0 0.0 0.0 0.0 pgc35540 6.186341597215977 7.858865575477499 0 0 0 pgc37366 4.421386639126874 3.1139929957065715 0 0 0
pgc38303 38303 NGC4087 -1 -1 181.397241 -26.5227207 290.3597285 35.227269 3326.8 3231.0 0.010867821137835548 0.011097010319052124 46.946151938259035 33.358 8.888 8.918161844283116 -24.43983815571688 12.75614144595812 -1 "" 99.0 99.0 99.0 11.726691413905737 8.7605 0.0 99.0 0.0 0.0 0.0 0.0 0.0 0.0 0.0 0.0 pgc39688 2.642902318008211 3.1616294323511376 0 0 0 pgc39688 2.642902318008211 3.1616294323511376 0 0 0
nsa48849 38527 NGC4119 48849 238372 182.040018 10.3789045 269.5494351 70.3923392 1651.8 1732.2 0.005976526235802529 0.005509811724483076 25.717728065549334 32.05116299929815 8.483 8.497239176200836 -23.553923823097314 11.81614144595812 860347 S0-a 99.0 9.58912052015492 11.666913558336514 10.930246944266411 8.5375 0.0 5.9207 0.23746947114538902 0.916083916083916 0.0 1.0 1.0 1.0 0.0 1.0 nsa161632 2.85203533552633 6.323677125184007 0 0 0 nsa161632 2.85203533552633 6.323677125184007 0 0 0
nsa140827 38555 NGC4128 140827 627830 182.134791 68.7676111 128.6986529 47.8775419 2336.6 2603.8 0.00846284519553356 0.007794058648400021 36.48819860834328 32.810762115704094 8.74 8.758511526893152 -24.052250588810942 12.21314144595812 315251 S0 99.0 11.06446554811095 99.0 11.897 7.1992 0.0 7.1535 0.0 0.0 0.0 0.0 1.0 1.0 0.0 1.0 nsa161063 2.907589621433227 1.6136041770032992 0 0 0 nsa161063 2.907589621433227 1.6136041770032992 0 0 0
pgc38588 38588 IC3015 -1 -1 182.25105150000002 -31.5198786 292.4392346 30.4858786 2033.3 1917.2 0.0059569363204893455 0.006782358747664026 25.63303319865895 32.044 8.783 8.793234348518126 -23.25076565148187 11.94814144595812 -1 "" 10.812316102115174 9.19516311819434 10.753646329614284 11.015473286796194 6.834 0.7078520967465696 7.5631 0.0 0.0 0.0 0.0 0.0 0.0 0.0 0.0 pgc38411 1.0279359095948661 1.8292454378237253 0 1 2 pgc38411 1.0279359095948661 1.8292454378237253 0 1 2
nsa52647 38741 NGC4149 52647 256670 182.636949 58.3040773 133.0700402 58.0121712 3063.3 3314.0 0.010376186196986036 0.010218068928204992 44.80511243429034 33.256637857415285 9.789 9.805163317847748 -23.451474539567535 12.00914144595812 450487 SABb 99.0 99.0 99.0 10.204229703851286 8.6848 0.0 7.6254 0.0 0.0 1.0 0.0 1.0 1.0 0.0 1.0 nsa161533 1.123769823785848 1.3660298128423352 0 1 1 nsa161533 1.123769823785848 1.3660298128423352 0 1 1
nsa19265 38788 UGC07179 19265 91522 182.741625 63.9145828 130.2444667 52.6353592 2617.0 2877.9 0.009311819230628344 0.00872937237133564 40.17546188203641 33.01980439191451 9.746 9.762106981774174 -23.257697410140338 11.51114144595812 1110422 Sb 99.0 10.435808432015417 99.0 99.0 8.6638 0.0 7.6654 0.0 0.0 1.0 0.0 1.0 1.0 0.0 1.0 nsa19338 1.392550130359559 1.980481284284762 0 1 2 nsa19338 1.392550130359559 1.980481284284762 0 1 2
nsa161174 38802 NGC4158 161174 665972 182.7923385 20.1756702 247.8314167 78.4598625 2450.9 2576.9 0.00839653066120049 0.008175322409211509 36.20038695311962 32.79356606408937 9.734 9.75057513108539 -23.042990933003978 11.80114144595812 1070949 SABb 99.0 99.0 11.892000000000001 11.73 5.7594 1.4118183955280006 11.1216 0.0 1.0 0.0 1.0 1.0 1.0 0.0 1.0 nsa161255 4.433532817849831 7.033107838916991 0 0 0 nsa141115 3.8385314007395532 6.041685278534545 0 0 0
pgc39414 39414 NGC4250 -1 -1 184.3597605 70.8024473 126.9482716 46.0598493 2039.0 2310.3 0.007766091438755461 0.006801371901090321 33.46570666196794 32.623 9.133 9.150406866716127 -23.472593133283873 11.86514144595812 241234 S0-a 99.0 11.281 99.0 99.0 8.8078 0.0 5.8826 0.402145232930191 0.0 0.0 0.0 0.996078431372549 0.996078431372549 0.0 0.0 pgc43527 2.601765409208548 2.8397625073848816 0 0 0 pgc43527 2.601765409208548 2.8397625073848816 0 0 0
pgc40023 40023 ESO380-019 -1 -1 185.50935299999998 -35.7927824 296.2617213 26.6979408 2934.8 2807.3 0.00936816224338508 0.009789439065875368 40.42034350795009 33.033 8.628 8.646001887670225 -24.386998112329778 12.00014144595812 -1 "" 99.0 10.333376413097936 99.0 11.743 7.1842 0.0 5.3054 0.5866799179122911 0.0 0.0 0.0 0.0 0.0 0.0 0.0 pgc39379 2.7291757963278953 3.403889302114497 0 0 0 pgc39379 2.7291757963278953 3.403889302114497 0 0 0
pgc40055 40055 NGC4304 -1 -1 185.553081 -33.4844761 295.9668398 28.991756 2622.2 2504.7 0.008440566517499202 0.008746717704285943 36.39150361272071 32.805 9.024 9.040142855808357 -23.764857144191645 11.91914144595812 -1 "" 99.0 99.0 99.0 11.4465096369832 8.3277 0.0 7.919 0.0 0.0 0.0 0.0 0.0 0.0 0.0 0.0 pgc40023 4.31500844595963 2.3085865630506293 0 0 0 pgc40023 4.31500844595963 2.3085865630506293 0 0 0
nsa19308 40133 NGC4332 19308 91728 185.69484749999998 65.843786 127.5863077 51.0247808 2764.7 3031.7 0.00958304184472456 0.00922204653994331 41.354464304629076 33.08261199727984 9.226 9.245073140718366 -23.837538856561473 12.82314144595812 693490 SBa 99.0 8.254295504036197 99.0 11.926 11.7082 0.0 7.1427 0.0 0.0 0.8433734939759037 0.0 1.0 1.0 0.0 1.0 nsa161308 0.8177786626655575 0.7796769670902064 1 2 3 nsa161308 0.8177786626655575 0.7796769670902064 1 2 3
