masterlist/arrakhis_potentialhosts_d50.ecsv
# %ECSV 1.0
# ---
# datatype:
# - {name: HOSTID, datatype: string}
# - {name: PGC, datatype: int64}
# - {name: COMMON_NAME, datatype: string}
# - {name: NSAID, datatype: int32}
# - {name: NSA1ID, datatype: int32}
# - {name: RA, datatype: float64}
# - {name: DEC, datatype: float64}
# - {name: GLON, datatype: float64}
# - {name: GLAT, datatype: float64}
# - {name: V_HELIO, datatype: float64}
# - {name: V_VIRGO, datatype: float64}
# - {name: Z_COSMO, datatype: float64}
# - {name: Z_HELIO, datatype: float64}
# - {name: DIST, datatype: float64}
# - {name: DISTMOD, datatype: float64}
# - {name: K_RAW, datatype: float64}
# - {name: K_TC, datatype: float64}
# - {name: K_ABS, datatype: float64}
# - {name: M_HALO, datatype: float64}
# - {name: SGA_ID, datatype: int64}
# - {name: MORPHTYPE, datatype: string}
# - {name: BRIGHTEST_K_R1, datatype: float64}
# - {name: BRIGHTEST_K_R2, datatype: float64}
# - {name: BRIGHTEST_K_BG_R1, datatype: float64}
# - {name: BRIGHTEST_K_BG_R2, datatype: float64}
# - {name: BRIGHTEST_STAR_R1, datatype: float64}
# - {name: STAR_DENSITY_R1, datatype: float64}
# - {name: BRIGHTEST_STAR_R2, datatype: float64}
# - {name: STAR_DENSITY_R2, datatype: float64}
# - {name: COVERAGE_DECALS_DR5, datatype: float64}
# - {name: COVERAGE_DECALS_DR6, datatype: float64}
# - {name: COVERAGE_DECALS_DR7, datatype: float64}
# - {name: COVERAGE_DECALS_DR8, datatype: float64}
# - {name: COVERAGE_DECALS_DR9, datatype: float64}
# - {name: COVERAGE_DES_DR1, datatype: float64}
# - {name: COVERAGE_SDSS, datatype: float64}
# - {name: NEAREST_MW, datatype: string}
# - {name: NEAREST_MW_DIST, datatype: float64}
# - {name: NEAREST_MW_SEP, datatype: float64}
# - {name: NEARBY_MW_COUNT_1, datatype: int64}
# - {name: NEARBY_MW_COUNT_1.5, datatype: int64}
# - {name: NEARBY_MW_COUNT_2, datatype: int64}
# - {name: NEAREST_MASSIVE, datatype: string}
# - {name: NEAREST_MASSIVE_DIST, datatype: float64}
# - {name: NEAREST_MASSIVE_SEP, datatype: float64}
# - {name: NEARBY_MASSIVE_COUNT_1, datatype: int64}
# - {name: NEARBY_MASSIVE_COUNT_1.5, datatype: int64}
# - {name: NEARBY_MASSIVE_COUNT_2, datatype: int64}
# schema: astropy-2.0
HOSTID PGC COMMON_NAME NSAID NSA1ID RA DEC GLON GLAT V_HELIO V_VIRGO Z_COSMO Z_HELIO DIST DISTMOD K_RAW K_TC K_ABS M_HALO SGA_ID MORPHTYPE BRIGHTEST_K_R1 BRIGHTEST_K_R2 BRIGHTEST_K_BG_R1 BRIGHTEST_K_BG_R2 BRIGHTEST_STAR_R1 STAR_DENSITY_R1 BRIGHTEST_STAR_R2 STAR_DENSITY_R2 COVERAGE_DECALS_DR5 COVERAGE_DECALS_DR6 COVERAGE_DECALS_DR7 COVERAGE_DECALS_DR8 COVERAGE_DECALS_DR9 COVERAGE_DES_DR1 COVERAGE_SDSS NEAREST_MW NEAREST_MW_DIST NEAREST_MW_SEP NEARBY_MW_COUNT_1 NEARBY_MW_COUNT_1.5 NEARBY_MW_COUNT_2 NEAREST_MASSIVE NEAREST_MASSIVE_DIST NEAREST_MASSIVE_SEP NEARBY_MASSIVE_COUNT_1 NEARBY_MASSIVE_COUNT_1.5 NEARBY_MASSIVE_COUNT_2
[from data line 37]
nsa155117 9776 NGC0976 155117 645109 38.500040999999996 20.9767778 152.8394599 -35.8690464 4296.9 4288.3 0.011027776228578551 0.014332915606569395 47.64309868054159 33.39 9.075 9.091963351897167 -24.298036648102833 12.86314144595812 957920 Sbc 99.0 99.0 10.461971093199082 10.662371379735358 99.0 0.0 7.6131 0.0 0.0 0.0 0.0 1.0 1.0 0.0 1.0 nsa131558 7.273138747169022 8.619438300717594 0 0 0 nsa131558 7.273138747169022 8.619438300717594 0 0 0
nsa132339 9988 NGC1015 132339 619846 39.5482155 -1.3187224 172.1886568 -53.6538992 2625.1 2502.5 0.008591573252162399 0.00875639106304669 37.04697619461624 32.84376383140343 9.334 9.347972760686124 -23.495791070717303 11.93814144595812 501647 Sa 99.0 99.0 11.067572689270404 10.593182009542444 8.2814 0.0 7.8492 0.0 1.0 0.0 1.0 1.0 1.0 1.0 1.0 nsa132368 1.6992899298996196 2.4311689402899996 0 0 1 nsa132368 1.6992899298996196 2.4311689402899996 0 0 1
nsa132368 10060 NGC1032 132368 619875 39.8485005 1.0938333 169.9236557 -51.647965 2726.6 2615.1 0.008732799479753393 0.009094958619672813 37.66013447854924 32.87940933241114 8.366 8.386789565992647 -24.492619766418496 12.52014144595812 325845 S0-a 99.0 7.145833092543809 9.88591444284834 10.373727925709957 8.1842 0.0 4.0081 1.0185653339487744 1.0 0.0 1.0 1.0 1.0 1.0 1.0 nsa155204 1.6793377959114424 2.238813945459033 0 0 2 nsa155204 1.6793377959114424 2.238813945459033 0 0 2
pgc10330 10330 NGC1079 -1 -1 40.934733 -29.0033465 223.8835499 -65.2130365 1453.0 1216.2 0.007280627867556943 0.0048466863032291495 31.36172916512987 32.482 8.336 8.35465990536685 -24.127340094633148 11.58514144595812 734884 SABa 99.0 99.0 99.0 10.326038892893823 8.3149 0.0 6.9409 0.3531627229305805 0.0 0.0 0.0 1.0 1.0 1.0 0.0 pgc8279 7.578425443874253 8.210717110865946 0 0 0 pgc8279 7.578425443874253 8.210717110865946 0 0 0
nsa132574 10669 NGC1114 132574 620080 42.2799795 -16.9933472 198.6335135 -61.0015229 3466.7 3270.9 0.011054004062547616 0.011563666488234337 47.757393530352296 33.39520308073693 9.731 9.744318724477843 -23.650884356259084 12.039141445958121 77827 Sc 99.0 9.711586845131288 11.739 99.0 8.272 0.0 8.2428 0.0 1.0 0.0 1.0 1.0 1.0 1.0 0.0 pgc10851 2.654089096257338 0.7007065054300172 0 0 0 pgc10851 2.654089096257338 0.7007065054300172 0 0 0
pgc10851 10851 NGC1125 -1 -1 42.918499499999996 -16.6506667 198.5451992 -60.3021527 3283.7 3088.3 0.010458803293365003 0.010953244194021718 45.16479049291123 33.274 9.691 9.711586845131288 -23.562413154868715 12.09214144595812 244487 S0-a 99.0 9.744318724477843 99.0 11.739 8.1003 0.0 8.2428 0.0 1.0 0.0 1.0 1.0 1.0 1.0 0.0 nsa132574 2.654089096257338 0.700706505430021 0 0 0 nsa132574 2.654089096257338 0.700706505430021 0 0 0
nsa155274 10942 NGC1137 155274 645350 43.5114165 2.9621111 172.2442256 -47.8211616 3039.6 2931.0 0.009684120532102424 0.01013901423764303 41.79397986234702 33.10556864561497 9.907 9.93284646164452 -23.172722183970453 11.91214144595812 549648 Sb 99.0 10.175797772112276 99.0 11.610000000000001 12.0043 0.0 6.9861 0.6272364080161215 1.0 0.0 1.0 1.0 1.0 1.0 1.0 nsa155336 1.4058687160108485 1.104878992023473 0 1 1 nsa155336 1.4058687160108485 1.104878992023473 0 1 1
nsa132820 11156 IC0273 132820 620323 44.2948755 2.7750556 173.2834193 -47.4253212 3168.7 3058.0 0.010182168396206998 0.010569645484543843 43.96062679589846 33.215319380092495 10.158 10.175797772112276 -23.03952160798022 11.88714144595812 576425 Sa 99.0 9.052254361472988 99.0 11.44121036145793 99.0 0.0 7.6716 0.0 1.0 0.0 1.0 1.0 1.0 1.0 1.0 nsa155336 1.1308406428594067 0.6370790402327081 0 1 1 nsa155336 1.1308406428594067 0.6370790402327081 0 1 1
nsa155336 11230 NGC1153 155336 645465 44.542964999999995 3.3619953 172.9582002 -46.8279005 3066.0 2957.8 0.009947182504813369 0.010227075158775342 42.938163601721314 33.164217331999346 9.03 9.052254361472988 -24.111962970526356 12.38014144595812 877456 S0-a 10.68179786851421 10.092428217917181 11.874 10.721389172789815 8.8162 0.0 6.9861 0.6620529042548631 1.0 0.0 1.0 1.0 1.0 0.948051948051948 1.0 nsa132820 1.1308406428594067 0.6370790402327083 0 2 2 nsa132820 1.1308406428594067 0.6370790402327083 0 2 2
pgc11274 11274 NGC1162 -1 -1 44.7333315 -12.3984856 192.9913771 -56.7270479 3936.2 3755.5 0.011047934047787325 0.013129749915189661 47.730941392875096 33.394 8.989 9.010835103330395 -24.383164896669605 12.741141445958121 1319588 E 99.0 99.0 99.0 99.0 9.7011 0.0 6.6757 0.818111509827772 1.0 0.0 1.0 1.0 1.0 1.0 0.0 pgc11522 1.6918656501143943 1.1815740962939993 0 0 1 pgc11522 1.6918656501143943 1.1815740962939993 0 0 1
nsa133115 11527 NGC1199 133115 620617 45.910458 -15.6138572 199.1797261 -57.2644967 2681.6 2485.8 0.008798731164369371 0.008944854776833646 37.94643463893759 32.89585488411191 8.536 8.552359104683713 -24.3434957794282 12.70514144595812 855291 E 10.760999459879718 8.331154445502195 11.012993007429824 11.462484973303374 8.5933 0.0 8.5051 0.0 1.0 0.0 1.0 1.0 1.0 1.0 0.0 nsa133141 0.5473112429763817 0.5798629150560425 1 1 1 nsa133141 0.5473112429763817 0.5798629150560425 1 1 1
nsa133141 11638 NGC1209 133141 620643 46.5125295 -15.6112493 199.642895 -56.7423648 2641.0 2444.4 0.008888076488391114 0.008809427754183197 38.334452606423234 32.91794633082586 8.31 8.331154445502195 -24.58679188532367 12.70514144595812 1309882 E 99.0 8.552359104683713 99.0 11.012993007429824 99.0 0.0 8.5051 0.0 1.0 0.0 1.0 1.0 1.0 1.0 0.0 nsa133115 0.5473112429763817 0.5798629150560425 1 1 1 nsa133115 0.5473112429763817 0.5798629150560425 1 1 1
nsa155420 11670 NGC1211 155420 645592 46.718394 -0.7944535 179.6079783 -48.1855403 3209.5 3077.9 0.010287571621960227 0.01070573963538469 44.419375332058316 33.23786223394525 9.21 9.22672879692646 -24.011133437018792 12.26714144595812 1380868 S0-a 99.0 99.0 10.359303197806314 10.486193026122425 9.3996 0.0 9.0869 0.0 0.06206896551724138 0.0 0.8827586206896552 1.0 1.0 0.0 1.0 nsa132820 3.357925563935622 4.314067851326761 0 0 0 nsa132820 3.357925563935622 4.314067851326761 0 0 0
pgc12342 12342 NGC1289 -1 -1 49.7075835 -1.9733333 183.7998679 -46.6748987 2835.0 2693.6 0.00911467196657056 0.00945654209886761 39.318776931469685 32.973 9.465 9.487086121199 -23.485913878801 11.98314144595812 1256366 S0 99.0 9.452033465408736 9.86559598132806 9.631552131447899 9.1581 0.0 7.1808 0.0 0.0 0.0 1.0 1.0 1.0 0.0 0.0 pgc12756 1.3844222566957223 1.8369317652727764 0 1 1 pgc12756 1.3844222566957223 1.8369317652727764 0 1 1
pgc12431 12431 NGC1302 -1 -1 49.9627635 -26.0605611 219.6981116 -56.9259514 1706.5 1467.1 0.005080705754415663 0.005692271284556465 21.847412064790447 31.697 7.819 7.83204458442806 -23.864955415571938 12.16814144595812 1166570 S0-a 10.688947036194847 8.366525213649973 11.678 10.634657839866835 6.3717 1.0284070623824848 6.2691 0.17135807709498527 0.0 0.0 0.0 1.0 1.0 1.0 0.0 pgc12737 1.7677666291368064 4.636166378388115 0 0 1 pgc12737 1.7677666291368064 4.636166378388115 0 0 1
nsa133355 12626 NGC1309 133355 620854 50.5273125 -15.4000556 202.2019632 -53.1568305 2136.2 1935.0 0.007964063276382142 0.007125596201622924 34.32416650121198 32.678 9.088 9.104086406594554 -23.573913593405443 11.853141445958121 896005 Sbc 99.0 99.0 11.417725285380595 10.438487653235525 7.4251 0.0 7.6462 0.0 1.0 0.0 1.0 1.0 1.0 1.0 0.0 nsa133549 4.04435388580356 5.625523281201466 0 0 0 nsa133549 4.04435388580356 5.625523281201466 0 0 0
pgc13108 13108 NGC1353 -1 -1 53.012349 -20.8189344 212.0338264 -52.9291655 1529.9 1305.1 0.006196418382147513 0.005103197092436529 26.668586645214834 32.13 8.097 8.110380119224052 -24.01961988077595 12.84814144595812 1265572 Sb 10.759706864103215 9.662652940693812 11.885 11.696000000000002 8.9146 0.0 4.2359 0.2553580105774003 0.4707379134860051 0.0 0.3256997455470738 1.0 1.0 1.0 0.0 pgc13470 1.4079908270718526 2.7612556356492997 0 2 4 pgc13470 1.4079908270718526 2.7612556356492997 0 2 5
pgc13166 13166 NGC1357 -1 -1 53.321187 -13.6641389 201.5561106 -49.9684173 2005.2 1807.6 0.006153969027770915 0.006688627236913346 26.485001386067037 32.115 8.402 8.416142543291857 -23.698857456708147 11.97214144595812 1094962 Sab 99.0 99.0 11.844000000000001 10.419115930112957 7.762 0.0 7.2627 0.0 1.0 0.0 1.0 1.0 1.0 1.0 0.6194029850746269 pgc13470 2.439747817575289 5.241753673202631 0 0 0 pgc13470 2.439747817575289 5.241753673202631 0 0 0
pgc13602 13602 NGC1425 -1 -1 55.5478515 -29.8933766 227.5200116 -52.5992711 1511.2 1253.8 0.0050227777537251205 0.005040820606634474 21.597326806893943 31.672 8.308 8.319517655334671 -23.35248234466533 11.97114144595812 670242 Sb 99.0 8.611115136402635 99.0 11.124161506285123 8.6662 0.0 5.6816 0.5023687937719333 0.0 0.0 0.0 1.0 1.0 1.0 0.0 pgc12923 1.554009053467065 3.209540598668101 0 0 1 pgc12923 1.554009053467065 3.209540598668101 0 0 1
nsa133549 13646 PGC013646 133549 621049 55.733637 -12.9164629 202.1098424 -47.5316064 2163.1 1965.9 0.0074082760761548395 0.007215324943231227 31.914795937856745 32.51996035955118 9.367 9.378426540874754 -23.14153381867642 12.06014144595812 1435027 Sc 99.0 8.495465405086533 11.004422860768683 10.585700076868862 10.9881 0.0 7.6775 0.0 1.0 0.0 1.0 1.0 1.0 1.0 0.6666666666666666 nsa133355 4.04435388580356 5.625523281201464 0 0 0 nsa133355 4.04435388580356 5.625523281201464 0 0 0
pgc14084 14084 NGC1482 -1 -1 58.662132 -20.5023357 214.1236528 -47.8034325 1860.3 1630.8 0.005617454504515465 0.0062052928629712225 24.16573451436828 31.916 8.469 8.47360934777504 -23.442390652224958 12.00514144595812 1158052 S0-a 11.180236786412955 99.0 99.0 10.883314873046515 8.692 0.0 6.7618 0.20966673033119457 0.3312883435582822 0.0 0.49897750511247446 1.0 1.0 1.0 0.0 pgc13638 1.5397859500000208 3.1891270219617476 0 0 1 pgc13638 1.5397859500000208 3.1891270219617476 0 0 2
pgc14564 14564 NGC1517 -1 -1 62.299708499999994 8.64875 183.3156397 -30.2355411 3483.7 3380.8 0.011406668237165575 0.011620372384418024 49.29467413122056 33.464 10.157 10.18534047314731 -23.27865952685269 11.93714144595812 -1 "" 99.0 99.0 99.0 99.0 9.5008 0.0 8.3526 0.0 0.0 0.0 0.0 0.0 0.0 0.0 0.0 pgc14807 5.67380814541752 6.602420277004417 0 0 0 pgc14807 5.67380814541752 6.602420277004417 0 0 0
pgc14702 14702 ESO420-013 -1 -1 63.457041 -32.0069861 231.9830897 -46.1150976 3589.7 3319.9 0.011134013153814539 0.011973950325328064 48.10608341479544 33.411 9.475 9.490612318814437 -23.920387681185566 12.30614144595812 239838 S0-a 99.0 7.733864932411257 99.0 99.0 7.1423 0.0 7.5855 0.0 0.0 0.0 0.0 1.0 1.0 1.0 0.0 pgc14154 8.270292570979542 4.761722711870261 0 0 0 pgc14154 8.270292570979542 4.761722711870261 0 0 0
nsa133893 15638 NGC1620 133893 621393 69.155604 -0.1436111 196.1556745 -29.6694486 3510.1 3359.0 0.011534368091307921 0.011708433305550336 49.851531351004034 33.48839251806045 8.897 8.919199666371743 -24.569192851688708 12.63114144595812 1153218 SABc 10.816963761721675 99.0 11.75 11.22052742548878 99.0 0.0 9.068 0.0 0.0 0.0 0.0 1.0 1.0 0.0 0.0 nsa133834 1.5129679358477657 1.5049082813274652 0 0 1 nsa133834 1.5129679358477657 1.5049082813274652 0 0 1
nsa133914 15773 NGC1635 133914 621414 70.032834 -0.5475417 197.0753007 -29.1302225 3325.6 3172.2 0.01101222018360567 0.011093007549909745 47.57531122174402 33.38690818988662 9.333 9.35849442456469 -24.02841376532193 12.29614144595812 764553 S0-a 99.0 10.816963761721675 99.0 99.0 9.0575 0.0 6.2691 1.6255696674975681 0.0 0.0 0.0 1.0 1.0 0.0 0.0 pgc15824 2.1150420247086172 1.3141841970490014 0 0 0 pgc15824 2.1150420247086172 1.3141841970490014 0 0 0
pgc15824 15824 NGC1638 -1 -1 70.40214 -1.8087936 198.5345859 -29.4579738 3294.3 3134.8 0.010593417049885945 0.010988601988112724 45.750937732984745 33.302 9.199 9.225735239925136 -24.076264760074864 12.37714144595812 261480 S0 99.0 99.0 10.629481843276327 10.541021428598823 8.3084 0.0 8.6521 0.0 0.0 0.0 0.0 1.0 1.0 0.0 0.0 nsa133914 2.1150420247086172 1.3141841970490014 0 0 0 nsa133914 2.1150420247086172 1.3141841970490014 0 0 0
pgc16044 16044 NGC1665 -1 -1 72.07110449999999 -5.427625 203.1024394 -29.7782281 2751.7 2574.7 0.008707236990372852 0.00917868320756755 37.54914046098419 32.873 9.235 9.25205755987928 -23.620942440120718 12.119141445958121 516673 S0 99.0 9.743604710699488 11.437832959940659 8.901216059992143 5.9 1.5189836950411357 7.1065 0.0 0.0 0.0 0.0 1.0 1.0 0.0 0.0 nsa133953 4.346358428522707 1.1443418903857554 0 0 0 nsa133953 4.346358428522707 1.1443418903857554 0 0 0
nsa133953 16057 NGC1666 133953 621453 72.136854 -6.5700972 204.3033259 -30.256057 2756.9 2574.9 0.009690754583322993 0.009196028540517855 41.822828803731014 33.107067020971414 9.407 9.428972083461067 -23.678094937510345 12.01614144595812 1053056 S0-a 99.0 99.0 8.901216059992143 10.296436287871057 7.8995 0.0 7.6397 0.0 0.0 0.0 0.0 1.0 1.0 0.0 0.0 pgc16433 3.9134502951370647 2.6846673877484672 0 0 0 pgc16433 3.9134502951370647 2.6846673877484672 0 0 0
pgc16600 16600 NGC1752 -1 -1 75.53967 -8.2405053 207.7620866 -28.00854 3577.3 3386.9 0.010962514847112548 0.011932588377523494 47.35872481253364 33.377 8.948 8.971052836771642 -24.40594716322836 12.66814144595812 -1 "" 99.0 99.0 99.0 10.847380379244392 7.7945 0.0 6.8621 0.8054007902728724 0.0 0.0 0.0 0.5 0.5 0.0 0.0 pgc16672 2.220956025234223 1.9124945197484504 0 0 0 pgc16672 2.220956025234223 1.9124945197484504 0 0 0
pgc16672 16672 IC0401 -1 -1 76.0817295 -10.0766091 209.9005516 -28.3308438 3357.7 3159.2 0.010598256336960842 0.011200081624468351 45.77201167050859 33.303 10.114 10.135656852125878 -23.16734314787412 11.90914144595812 -1 "" 99.0 9.948545034342139 11.243992442130882 10.944128811487378 9.8318 0.0 7.3781 0.0 0.0 0.0 0.0 0.0 0.0 0.0 0.0 pgc16713 0.9614143855425864 0.959850406014864 1 2 2 pgc16713 0.9614143855425864 0.959850406014864 1 2 2
pgc16713 16713 NGC1779 -1 -1 76.3251045 -9.1472361 209.069849 -27.7115186 3305.4 3111.0 0.010463581579939794 0.011025627602679718 45.18559443749221 33.275 8.735 8.756224770127714 -24.518775229872283 12.651141445958121 -1 "" 10.78433973301816 99.0 99.0 10.869002481869357 8.3511 0.0 6.8621 1.466355207297852 0.0 0.0 0.0 0.0 0.0 0.0 0.0 pgc16672 0.9614143855425864 0.9598504060148656 1 1 2 pgc16672 0.9614143855425864 0.9598504060148656 1 1 2
pgc16716 16716 NGC1784 -1 -1 76.3629795 -11.8714028 211.8854849 -28.8404115 2316.0 2110.0 0.006622083539998892 0.007725344444789202 28.51018267503907 32.275 8.467 8.478287990450607 -23.796712009549392 12.26914144595812 -1 "" 10.797531745556666 99.0 10.343630715268475 11.17172441051823 7.3296 0.0 6.0928 0.5837016710962457 0.0 0.0 0.0 0.0 0.0 0.0 0.0 pgc16906 3.854406595053854 4.13934578139555 0 0 0 pgc16906 3.854406595053854 4.13934578139555 0 0 0
pgc16808 16808 PGC016808 -1 -1 77.14758300000001 -17.1808472 217.8384592 -30.2371097 3585.0 3357.8 0.011272095706788237 0.011958272812853752 48.70796664925374 33.438 10.393 10.415951161613952 -23.02204883838605 11.91614144595812 -1 "" 99.0 99.0 99.0 9.45597975730116 7.3854 0.0 7.1484 0.0 0.0 0.0 0.0 0.5811965811965812 0.5811965811965812 0.02564102564102564 0.0 pgc16585 4.440988180169554 1.8942902916999362 0 0 0 pgc16585 4.440988180169554 1.8942902916999362 0 0 0
pgc16949 16949 NGC1843 -1 -1 78.5255685 -10.6268553 211.617885 -26.3926978 2604.2 2403.1 0.008170787716053335 0.008686676167150275 35.2208635618468 32.734 9.658 9.675254988140177 -23.058745011859827 11.898141445958121 -1 "" 99.0 99.0 11.075646375926674 10.365475018215726 7.5289 0.0 6.5831 0.44543934902932775 0.0 0.0 0.0 0.0 0.0 0.0 0.0 nsa134212 5.3945704395994225 6.336306674991274 0 0 0 pgc17195 3.9108047075711077 2.254274193224558 0 0 0
pgc17056 17056 IC0407 -1 -1 79.42750199999999 -15.5233649 217.0388282 -27.5832458 2823.1 2602.1 0.009606670897897638 0.00941684797153903 41.45720317867258 33.088 9.881 9.903560261141044 -23.184439738858956 11.82214144595812 -1 "" 99.0 11.142128696575563 10.902066243858966 11.38985663200184 6.9704 1.8516324032996783 7.7708 0.0 0.0 0.0 0.0 0.0 0.0 0.0 0.0 pgc17422 2.976944111943177 3.9301846773147493 0 0 0 pgc17422 2.976944111943177 3.9301846773147493 0 0 0
