masterlist/arrakhis_potentialhosts_d50.ecsv
# %ECSV 1.0
# ---
# datatype:
# - {name: HOSTID, datatype: string}
# - {name: PGC, datatype: int64}
# - {name: COMMON_NAME, datatype: string}
# - {name: NSAID, datatype: int32}
# - {name: NSA1ID, datatype: int32}
# - {name: RA, datatype: float64}
# - {name: DEC, datatype: float64}
# - {name: GLON, datatype: float64}
# - {name: GLAT, datatype: float64}
# - {name: V_HELIO, datatype: float64}
# - {name: V_VIRGO, datatype: float64}
# - {name: Z_COSMO, datatype: float64}
# - {name: Z_HELIO, datatype: float64}
# - {name: DIST, datatype: float64}
# - {name: DISTMOD, datatype: float64}
# - {name: K_RAW, datatype: float64}
# - {name: K_TC, datatype: float64}
# - {name: K_ABS, datatype: float64}
# - {name: M_HALO, datatype: float64}
# - {name: SGA_ID, datatype: int64}
# - {name: MORPHTYPE, datatype: string}
# - {name: BRIGHTEST_K_R1, datatype: float64}
# - {name: BRIGHTEST_K_R2, datatype: float64}
# - {name: BRIGHTEST_K_BG_R1, datatype: float64}
# - {name: BRIGHTEST_K_BG_R2, datatype: float64}
# - {name: BRIGHTEST_STAR_R1, datatype: float64}
# - {name: STAR_DENSITY_R1, datatype: float64}
# - {name: BRIGHTEST_STAR_R2, datatype: float64}
# - {name: STAR_DENSITY_R2, datatype: float64}
# - {name: COVERAGE_DECALS_DR5, datatype: float64}
# - {name: COVERAGE_DECALS_DR6, datatype: float64}
# - {name: COVERAGE_DECALS_DR7, datatype: float64}
# - {name: COVERAGE_DECALS_DR8, datatype: float64}
# - {name: COVERAGE_DECALS_DR9, datatype: float64}
# - {name: COVERAGE_DES_DR1, datatype: float64}
# - {name: COVERAGE_SDSS, datatype: float64}
# - {name: NEAREST_MW, datatype: string}
# - {name: NEAREST_MW_DIST, datatype: float64}
# - {name: NEAREST_MW_SEP, datatype: float64}
# - {name: NEARBY_MW_COUNT_1, datatype: int64}
# - {name: NEARBY_MW_COUNT_1.5, datatype: int64}
# - {name: NEARBY_MW_COUNT_2, datatype: int64}
# - {name: NEAREST_MASSIVE, datatype: string}
# - {name: NEAREST_MASSIVE_DIST, datatype: float64}
# - {name: NEAREST_MASSIVE_SEP, datatype: float64}
# - {name: NEARBY_MASSIVE_COUNT_1, datatype: int64}
# - {name: NEARBY_MASSIVE_COUNT_1.5, datatype: int64}
# - {name: NEARBY_MASSIVE_COUNT_2, datatype: int64}
# schema: astropy-2.0
HOSTID PGC COMMON_NAME NSAID NSA1ID RA DEC GLON GLAT V_HELIO V_VIRGO Z_COSMO Z_HELIO DIST DISTMOD K_RAW K_TC K_ABS M_HALO SGA_ID MORPHTYPE BRIGHTEST_K_R1 BRIGHTEST_K_R2 BRIGHTEST_K_BG_R1 BRIGHTEST_K_BG_R2 BRIGHTEST_STAR_R1 STAR_DENSITY_R1 BRIGHTEST_STAR_R2 STAR_DENSITY_R2 COVERAGE_DECALS_DR5 COVERAGE_DECALS_DR6 COVERAGE_DECALS_DR7 COVERAGE_DECALS_DR8 COVERAGE_DECALS_DR9 COVERAGE_DES_DR1 COVERAGE_SDSS NEAREST_MW NEAREST_MW_DIST NEAREST_MW_SEP NEARBY_MW_COUNT_1 NEARBY_MW_COUNT_1.5 NEARBY_MW_COUNT_2 NEAREST_MASSIVE NEAREST_MASSIVE_DIST NEAREST_MASSIVE_SEP NEARBY_MASSIVE_COUNT_1 NEARBY_MASSIVE_COUNT_1.5 NEARBY_MASSIVE_COUNT_2
[from data line 285]
nsa166141 54849 NGC5921 166141 684773 230.485344 5.0706315 8.125335 47.9385365 1439.8 1596.5 0.005305569098320296 0.0048026558426629935 22.818402361313687 31.7914261693078 8.082 8.09473359074185 -23.69669257856595 11.81614144595812 512967 Sbc 99.0 99.0 11.325825268912395 10.133589588971143 7.4735 0.0 8.0391 0.0 0.9724770642201835 0.0 1.0 1.0 1.0 0.0 1.0 nsa165896 2.2898738505226794 5.077346483575797 0 0 0 nsa165896 2.2898738505226794 5.077346483575797 0 0 0
nsa146210 55281 NGC5937 146210 632695 232.692186 -2.8294502 1.3268912 41.307231 2808.8 2931.0 0.008669988278655973 0.009369148305925695 37.387412018162614 32.86362702019066 8.981 8.997117387752263 -23.8665096324384 11.81014144595812 -1 "" 99.0 99.0 10.848694213938101 10.625642896524017 10.0287 0.0 8.234 0.0 0.4975124378109453 0.0 0.4975124378109453 0.4975124378109453 0.4975124378109453 0.0 0.7014925373134329 nsa145814 6.591661974066567 7.629026714556369 0 0 0 nsa15340 5.1031259684129004 7.351315086847956 0 0 0
nsa166313 55588 NGC5962 166313 685596 234.132 16.6078044 26.2515822 50.472854 1963.9 2174.2 0.006478889618407912 0.006550865265596509 27.89053177146324 32.227283973841985 8.514 8.527334515906253 -23.69994945793573 12.01514144595812 644658 Sc 99.0 99.0 99.0 10.713169687768726 6.0163 0.8380292799914854 6.1563 1.3964999772813145 0.9355742296918768 0.0 1.0 1.0 1.0 0.0 1.0 nsa166278 0.7280718781726533 1.492616529850724 1 1 1 nsa166278 0.7280718781726533 1.492616529850724 1 1 1
nsa166330 55665 NGC5970 166330 685629 234.6247905 12.186609 20.4123461 48.1695585 1957.0 2149.9 0.006567700099513279 0.006527849343027836 28.27482984069603 32.257 8.801 8.81538220101645 -23.44161779898355 12.13614144595812 1413288 SBc 11.062991803765767 9.492506421120261 99.0 11.401927225499158 6.3774 0.8612833574797337 5.3402 0.5741027094175953 1.0 0.0 1.0 1.0 1.0 0.0 1.0 nsa166278 1.6074778754633818 3.157176306486099 0 0 1 nsa166278 1.6074778754633818 3.157176306486099 0 0 1
nsa146486 56337 NGC6010 146486 632934 238.57994549999998 0.5430417 9.5252388 38.7297801 2037.8 2182.8 0.006258290537209153 0.006797369131947942 26.93619368023694 32.15168113056881 8.898 8.914350652289732 -23.237330478279077 11.93214144595812 1255470 S0-a 99.0 99.0 11.911000000000001 10.889143058150374 8.3637 0.0 8.4039 0.0 1.0 0.0 1.0 1.0 1.0 0.0 1.0 pgc57345 1.9746573577652766 3.917889769193173 0 0 1 pgc57345 1.9746573577652766 3.917889769193173 0 0 1
nsa166548 56537 IC1151 166548 686073 239.6347605 17.4414742 30.3644963 45.903477 2173.0 2392.0 0.011277242349711131 0.007248347788655844 48.730402662523474 33.439 10.399 10.414909170001609 -23.024090829998393 11.30314144595812 100346 SBc 99.0 99.0 99.0 11.082238110231536 99.0 0.0 8.1397 0.0 0.5630252100840336 0.0 0.9747899159663865 1.0 1.0 0.0 1.0 nsa146601 3.9219179663137416 3.9426263599225693 0 0 0 nsa146601 3.9219179663137416 3.9426263599225693 0 0 0
nsa146601 56925 IC1169 146601 633035 241.05599999999998 13.7440245 26.3304456 43.2037787 3375.4 3581.1 0.010783009287644196 0.011259122469318426 46.57668498380375 33.34084287564401 10.04 10.062355905111081 -23.278486970532924 11.98114144595812 518020 S0-a 99.0 99.0 11.153386960643337 11.140487551600522 9.6069 0.0 6.9602 0.7790193011921072 1.0 0.0 1.0 1.0 1.0 0.0 1.0 nsa166548 3.9219179663137416 3.9426263599225724 0 0 0 nsa166548 3.9219179663137416 3.9426263599225724 0 0 0
pgc57345 57345 NGC6070 -1 -1 242.4945315 0.7095321 12.4699941 35.591862 2002.6 2152.0 0.006078288211481789 0.006679954570438193 26.15772682719108 32.088 8.695 8.708736425604956 -23.379263574395047 12.04714144595812 1039968 Sc 99.0 99.0 10.927971591049658 10.788528577246543 6.8279 0.7371286825420271 6.7746 0.24566646251789487 0.06506024096385542 0.0 0.9879518072289156 1.0 1.0 0.0 0.9783132530120482 nsa146486 1.9746573577652766 3.917889769193173 0 0 1 nsa146486 1.9746573577652766 3.917889769193173 0 0 1
nsa146933 57924 NGC6118 146933 633329 245.45262749999998 -2.2834505 11.4577562 31.4695642 1571.2 1708.3 0.005417772973247026 0.005240959063753365 23.303042371880938 31.837063124242672 8.647 8.657205695330958 -23.179857428911713 11.87414144595812 -1 "" 99.0 99.0 11.954 9.797524502315163 6.2678 0.5850104292534062 7.311 0.0 0.11302681992337164 0.0 0.07279693486590039 0.3505747126436782 0.3505747126436782 0.0 0.5900383141762452 pgc57345 3.381591294640851 4.207687613291302 0 0 0 pgc57345 3.381591294640851 4.207687613291302 0 0 0
nsa147100 58470 NGC6181 147100 581858 248.08795500000002 19.824008 37.1640751 39.2071299 2370.5 2604.5 0.007801718878845796 0.007907136876672195 33.62017734543796 32.633 8.65 8.6649736717428 -23.968026328257203 12.16314144595812 480394 SABc 10.627256384602026 99.0 10.700962020630051 10.52965424389025 8.8514 0.0 5.3912 0.4058667354387027 1.0 0.0 1.0 1.0 1.0 0.0 1.0 nsa147606 7.361306430175098 7.3545290868047495 0 0 0 nsa147606 7.361306430175098 7.3545290868047495 0 0 0
nsa63326 58523 NGC6186 63326 311779 248.6062125 21.5408868 39.4649515 39.2989506 2936.5 3176.7 0.00956742785305643 0.009795109655493735 41.286576907013504 33.07904438385498 9.588 9.608341085449533 -23.470703298405446 12.02714144595812 814598 Sa 99.0 99.0 99.0 11.286996001858496 8.1608 0.0 9.1943 0.0 0.8011695906432749 0.0 1.0 1.0 1.0 0.0 1.0 nsa147606 4.836507019379529 6.284296488720729 0 0 0 nsa147606 4.836507019379529 6.284296488720729 0 0 0
nsa147606 59426 NGC6278 147606 633944 255.2096895 23.0110376 43.5693643 33.9451185 2795.2 3042.9 0.009113985236074713 0.009323783588978746 39.31579326841982 32.97283521390201 8.972 8.994875793783525 -23.977959420118484 12.30314144595812 143556 S0 11.814 10.208829341131255 11.88 11.598723525550515 5.8411 1.6652828501803347 9.4229 0.0 1.0 0.0 1.0 1.0 1.0 0.0 1.0 nsa63326 4.836507019379529 6.284296488720731 0 0 0 nsa63326 4.836507019379529 6.284296488720731 0 0 0
pgc60025 60025 NGC6359 -1 -1 259.4708505 61.7807683 91.0825915 34.6696041 3044.3 3358.4 0.011272095706788237 0.010154691750117344 48.70796664925374 33.438 9.503 9.527117295817387 -23.910882704182615 12.04614144595812 1345757 E-S0 99.0 99.0 99.0 10.931336487347117 7.8006 0.0 8.9606 0.0 0.0 0.24166666666666667 0.0 1.0 1.0 0.0 0.0 nsa167256 1.357332540782562 1.4272394724866377 0 1 1 nsa167256 1.357332540782562 1.4272394724866377 0 1 1
nsa167384 60343 NGC6385 167384 687982 262.0059225 57.5218736 85.8371476 33.6963963 3347.4 3661.0 0.01099035188538142 0.011165724522662943 47.48002007644341 33.38255446959798 10.246 10.262235420915003 -23.120319048682973 11.90814144595812 298337 SBa 99.0 99.0 99.0 10.323321074083918 8.3939 0.0 6.3666 0.8095319381448519 0.0 1.0 0.0 1.0 1.0 0.0 1.0 nsa167256 3.644525047480236 4.310814314286609 0 0 0 nsa167256 3.644525047480236 4.310814314286609 0 0 0
pgc60648 60648 ESO009-010 -1 -1 264.8810835 -85.3104167 307.8784603 -25.5943538 2422.0 2161.1 0.006282193231036038 0.008078922385699244 27.03958364108839 32.16 9.039 9.05685286825958 -23.103147131740414 12.600141445958121 -1 "" 99.0 8.237031964675904 11.759 99.0 6.5493 0.7876704126624916 6.0696 0.26251370613398467 0.0 0.0 0.0 0.0 0.0 0.0 0.0 pgc18394 4.182562976566963 8.044916188051419 0 0 0 pgc18394 4.182562976566963 8.044916188051419 0 0 0
pgc61742 61742 NGC6643 -1 -1 274.943166 74.5683889 105.5357134 28.174741 1484.5 1788.3 0.004906636685903574 0.004951758993216568 21.095994327111885 31.621 8.266 8.276330239130644 -23.344669760869355 11.94914144595812 382830 Sc 99.0 8.586606618943785 11.466030930805251 10.159 8.0506 0.0 7.6061 0.0 0.0 0.0 0.0 1.0 1.0 0.0 0.0 nsa147778 2.1743745180653278 5.4109928463787 0 0 0 nsa147778 2.1743745180653278 5.4109928463787 0 0 0
pgc61972 61972 NGC6667 -1 -1 277.6658745 67.9870278 98.1801233 26.9324632 2584.6 2893.6 0.010028336815609839 0.008621297604491438 43.29123745028269 33.182 9.279 9.292067319576125 -23.889932680423875 12.27514144595812 1260819 SABa 99.0 99.0 99.0 10.281966080482464 6.8048 2.0190887128564095 7.5133 0.0 0.0 0.0 0.0 0.9933774834437086 0.9933774834437086 0.0 0.0 pgc60573 5.112419905417696 6.135953388795508 0 0 0 pgc60573 5.112419905417696 6.135953388795508 0 0 0
pgc63161 63161 ESO184-063 -1 -1 290.91756000000004 -55.0656725 342.2197202 -26.4398437 3207.3 3057.8 0.010325886555646578 0.010698401225290331 44.586152794807106 33.246 9.867 9.877582608061342 -23.36841739193866 12.78514144595812 -1 "" 99.0 8.520262264418742 99.0 99.0 7.6785 0.0 5.0409 0.7138522394674862 0.0 0.0 0.0 0.0 0.0 0.0 0.0 pgc63339 3.1786595094050596 1.4815026132500724 0 0 0 pgc62964 1.2747248188991238 1.5331802403106778 0 2 2
pgc63339 63339 NGC6799 -1 -1 293.0687955 -55.9079877 341.5038784 -27.7773252 3413.6 3258.6 0.011002630232061049 0.011386543953684118 47.53352259428049 33.385 9.439 9.465264001654504 -23.919735998345494 12.257141445958121 -1 "" 99.0 99.0 99.0 11.235283455241415 7.1418 0.0 6.2994 0.8113575179839243 0.0 0.0 0.0 0.0 0.0 0.0 0.0 pgc63056 1.6505827251595004 1.8549796321559686 0 0 1 pgc63056 1.6505827251595004 1.8549796321559686 0 0 1
pgc63571 63571 NGC6810 -1 -1 295.8934995 -58.6557222 338.5799382 -29.5935834 2021.9 1852.4 0.006287953384605804 0.006744332440811437 27.064499490384808 32.162 7.657 7.668607169522915 -24.493392830477084 12.27714144595812 -1 "" 9.534 99.0 10.587988262705874 11.309219553418725 7.238 0.0 5.4503 0.5259956384835398 0.0 0.0 0.0 0.0 0.0 0.0 0.0 pgc63620 3.297359570467557 4.317721262982621 0 0 0 pgc63620 3.297359570467557 4.317721262982621 0 0 0
pgc63578 63578 NGC6808 -1 -1 295.974867 -70.633327 324.7845262 -29.8116177 3372.8 3155.3 0.010598256336960842 0.011250449802843274 45.77201167050859 33.303 9.015 9.032652230469719 -24.27034776953028 12.53114144595812 -1 "" 99.0 10.964707697563425 10.2780635488053 99.0 7.2795 0.0 7.9073 0.0 0.0 0.0 0.0 0.0 0.0 0.0 0.0 pgc61930 5.328243109062492 6.14256009075355 0 0 0 pgc61930 5.328243109062492 6.14256009075355 0 0 0
pgc63620 63620 IC4889 -1 -1 296.313231 -54.3441973 343.537482 -29.4196108 2553.3 2402.6 0.006869258682821304 0.008516892042694417 29.58012466551542 32.355 8.091 8.1074488762768 -24.2475511237232 12.41014144595812 -1 "" 11.10866631693692 99.0 11.679 9.006223859241501 7.8412 0.0 6.4101 0.628342783166644 0.0 0.0 0.0 0.0 0.0 0.0 0.0 pgc63571 3.297359570467557 4.3177212629826265 0 0 0 pgc63571 3.297359570467557 4.3177212629826265 0 0 0
pgc64025 64025 NGC6844 -1 -1 300.70891800000004 -65.2298838 330.9479874 -31.8924144 3034.5 2834.2 0.009519250999857875 0.010122002468787925 41.07712125533872 33.068 9.345 9.369550558396044 -23.698449441603955 12.00214144595812 -1 "" 99.0 99.0 99.0 11.1637050039112 8.2362 0.0 6.9239 0.6059021416623256 0.0 0.0 0.0 0.0 0.05952380952380952 0.0 0.0 pgc66000 4.996312990700294 6.402979714182114 0 0 0 pgc66000 4.996312990700294 6.402979714182114 0 0 0
pgc64044 64044 NGC6851 -1 -1 300.893211 -48.284511 350.8978146 -31.5815277 3049.9 2922.4 0.008663538556661821 0.01017337133944844 37.35940922588003 32.862 8.752 8.772690532215936 -24.089309467784066 12.30714144595812 -1 "" 11.887 7.705346227107922 99.0 10.833608501420349 8.5758 0.0 7.7732 0.0 0.0 0.0 0.0 0.0 0.0 0.0 0.0 pgc64153 1.094619065934137 0.794396003118208 0 1 1 pgc64153 1.094619065934137 0.794396003118208 0 1 1
pgc64427 64427 NGC6887 -1 -1 304.321959 -52.7967778 345.7171065 -34.0615953 2704.1 2552.2 0.007688279310282327 0.009019906698253229 33.128364811728126 32.601 8.854 8.872843606720012 -23.72815639327999 12.02214144595812 1340146 Sbc 99.0 99.0 10.193266441797336 9.729160571318399 8.6066 0.0 5.7763 0.7881551717055562 0.0 0.0 0.0 1.0 1.0 1.0 0.0 pgc64725 4.3425333862712305 6.004991285383815 0 0 0 pgc64136 2.7827153550291035 4.699821747707204 0 0 0
pgc64446 64446 NGC6890 -1 -1 304.5756465 -44.8070492 355.3377619 -33.7090582 2488.9 2373.3 0.008037289829705429 0.008302076765386806 34.64176410352489 32.698 9.013 9.028739222121116 -23.669260777878883 11.98414144595812 -1 "" 99.0 99.0 11.431498432542737 9.618471836536735 7.7069 0.0 7.4376 0.0 0.0 0.0 0.0 0.19491525423728814 0.4661016949152542 0.1906779661016949 0.0 pgc64725 1.9206443908611877 2.7511874846667927 0 0 1 pgc64725 1.9206443908611877 2.7511874846667927 0 0 1
pgc64463 64463 IC1313 -1 -1 304.68187500000005 -16.946 26.6814517 -26.7036262 3312.8 3337.4 0.011272095706788237 0.011050311345724382 48.70796664925374 33.438 9.562 9.58089018569755 -23.857109814302454 12.07714144595812 -1 "" 99.0 99.0 99.0 11.15663963593671 99.0 0.0 7.8815 0.0 0.0 0.0 0.0 0.0 0.0 0.0 0.0 pgc64963 6.516902040616555 6.651706133743276 0 0 0 pgc64607 2.3276468644895956 2.6616523039860023 0 0 0
pgc64725 64725 NGC6909 -1 -1 306.912201 -47.0270112 352.8139539 -35.5133716 2778.5 2649.4 0.008249676607356003 0.009268078385080656 35.563131856898586 32.755 9.211 9.235300786733587 -23.519699213266414 12.02114144595812 697271 E 99.0 99.0 11.757000000000001 10.180088743226468 6.8073 1.3625487547401782 8.4448 0.0 0.0 0.0 0.0 1.0 1.0 1.0 0.0 pgc64446 1.9206443908611877 2.7511874846667848 0 0 1 pgc64446 1.9206443908611877 2.7511874846667848 0 0 1
pgc64772 64772 IC5013 -1 -1 307.1409675 -36.027194 6.1669207 -34.3451601 2289.9 2213.1 0.007497123098596973 0.007638284215942485 32.299812405956246 32.546 8.595 8.611465724404932 -23.93453427559507 12.18614144595812 -1 "" 11.27311256744058 99.0 11.681000000000001 11.33545680955272 6.0661 1.1239574343764014 8.0537 0.0 0.0 0.0 0.0 0.0 0.0 0.0 0.0 pgc64884 3.0526314866692594 5.23498095519568 0 0 0 pgc64980 2.6384009593975346 4.219677253353544 0 0 0
pgc64845 64845 IC5020 -1 -1 307.660344 -33.4856299 9.2850116 -34.259041 3086.2 3021.3 0.010189989342065383 0.010294455106005369 43.99466347160462 33.217 9.258 9.278362367209978 -23.93863763279002 12.18914144595812 -1 "" 99.0 10.59058416478187 99.0 11.745000000000001 9.1987 0.0 8.6151 0.0 0.0 0.0 0.0 0.0 0.0 0.0 0.0 pgc65436 7.176932320357476 5.811892885583543 0 0 0 pgc64650 6.705309874852716 8.759561863427594 0 0 0
pgc64884 64884 NGC6923 -1 -1 307.9126665 -30.8319167 12.4644309 -33.8701231 2831.5 2779.4 0.0076496643627867456 0.009444867355535676 32.96097121774583 32.59 8.783 8.81020618451491 -23.779793815485093 12.18314144595812 -1 "" 11.20366127686929 99.0 11.43270253725487 10.261840465662662 8.8937 0.0 6.3984 0.7802093041938237 0.0 0.0 0.0 0.0 0.0 0.0 0.0 pgc64772 3.0526314866692594 5.234980955195687 0 0 0 pgc64980 0.8427764588897125 1.284556202047166 1 1 1
pgc65037 65037 ESO186-065 -1 -1 308.9885625 -54.2994444 343.7974909 -36.7992417 3462.9 3299.0 0.011134013153814539 0.011550991052616809 48.10608341479544 33.411 9.928 9.9511653862636 -23.4598346137364 11.98214144595812 1310637 E-S0 99.0 8.727996201943242 11.907 10.667731746165032 99.0 0.0 8.3448 0.0 0.0 0.0 0.0 1.0 1.0 1.0 0.0 pgc65172 2.9931930822737134 0.6821833299160432 0 0 0 pgc65172 2.9931930822737134 0.6821833299160432 0 0 0
pgc65172 65172 NGC6942 -1 -1 310.15763549999997 -54.3030506 343.7298146 -37.4792884 3270.6 3105.3 0.010458803293365003 0.01090954729755076 45.16479049291123 33.274 8.706 8.727996201943242 -24.54600379805676 12.651141445958121 706708 S0-a 99.0 9.9511653862636 11.798 10.667731746165032 8.9833 0.0 8.3448 0.0 0.0 0.0 0.0 1.0 1.0 1.0 0.0 pgc65256 0.8164967575009919 1.035816944031738 1 1 1 pgc65256 0.8164967575009919 1.035816944031738 1 1 1
pgc65256 65256 NGC6948 -1 -1 310.8713595 -53.3567361 344.8789849 -37.9761017 3246.1 3083.9 0.010458803293365003 0.010827824094227214 45.16479049291123 33.274 9.523 9.536184430736167 -23.737815569263834 12.12614144595812 874714 Sa 99.0 99.0 11.602027174261105 10.735782807737587 99.0 0.0 8.3987 0.0 0.0 0.0 0.0 1.0 1.0 1.0 0.0 pgc65172 0.8164967575009919 1.0358169440317464 1 1 1 pgc65172 0.8164967575009919 1.0358169440317464 1 1 1
pgc65273 65273 NGC6920 -1 -1 310.9888545 -80.0008165 313.2733778 -31.4606279 2636.6 2383.3 0.008037289829705429 0.008794750933994478 34.64176410352489 32.698 8.287 8.304706955955885 -24.393293044044114 12.74514144595812 -1 "" 11.835 99.0 99.0 11.154687187610111 7.7591 0.0 7.6429 0.0 0.0 0.0 0.0 0.0 0.0 0.0 0.0 pgc67546 2.199390701791326 3.127885369399843 0 0 0 pgc67546 2.199390701791326 3.127885369399843 0 0 0
